-2.01784
-0.894085
-0.582905
-0.981185
-0.534168
2.06235
-1.60321
1.55212
-1.40531
2.13363
-0.475699
1.30408
-0.736118
-1.66865
-2.7155
-2.11895
-2.9452
0.470141
1.17679
-1.06949
0.716751
-1.32647
2.09514
-1.41663
-2.25114
-1.73644
1.42029
-2.95116
-1.77958
-1.45003
-2.49699
-2.21799
-0.35988
-2.1811
-1.4098
-0.925527
-0.397157
-2.24318
-2.12334
0.635678
1.3808
1.71708
-1.34316
-2.28447
-1.73259
-2.02999
-0.969185
1.5648
-2.04269
0.0129679
-2.73052
-2.82745
0.0716525
-2.23609
-2.7747
-0.635334
1.59917
-1.22491
1.62886
1.85919
-2.14943
1.14489
2.0148
1.54502
0.812737
-0.640048
-1.24868
-2.39908
-2.38985
-2.68581
0.821727
1.11394
-0.812984
-1.73536
-0.00487017
-0.826257
-1.28687
0.927536
-0.450178
-1.8022
0.50204
-2.89751
-1.16533
-1.6524
-1.06321
-2.53984
1.20547
-2.71631
-2.67259
-2.88304
-2.27466
-2.68432
-0.977872
-1.66204
-1.72999
1.71337
-2.14716
1.55117
-2.15291
0.884118
-0.928823
-1.00454
0.111764
1.21578
-2.90861
-1.67189
-2.12383
-0.152345
1.5376
-2.47698
1.94253
-1.90912
-2.18138
-1.67286
-0.860719
2.11137
-2.36877
-1.21716
-1.9548
-0.332549
-2.16026
1.90024
-2.53413
0.699843
0.970497
-1.01366
-1.24429
-1.77868
-2.48691
-1.16961
-1.43462
-2.05755
1.07958
-1.11219
-2.30058
1.88487
-2.86052
2.03991
-2.19225
-2.8477
-1.51724
-0.214956
-1.11501
1.48305
0.777769
-2.16899
1.15754
-2.00189
-2.97213
1.68909
-1.24641
-0.985878
0.765483
-0.0498241
-1.56242
-1.41902
-2.04328
-1.73935
0.579853
-1.97968
-0.151674
-2.91395
-0.633724
-0.0413652
-0.549306
-0.822057
0.607635
-1.48672
-1.90777
-2.83687
0.524543
1.47887
-0.752459
-2.43451
0.97996
-1.00511
-2.04872
-0.65197
-2.79248
-1.86134
0.247579
-1.53739
-0.108362
-0.297475
0.199104
-1.16265
0.447251
1.04737
-1.77859
-2.41519
-1.72672
1.66896
-0.955072
-2.78464
-2.17346
-0.214686
-0.926945
1.41469
1.89171
-0.298491
-1.10325
-1.66874
-2.2396
0.00752665
-1.97775
-1.78295
-1.18054
1.55102
0.0268667
-1.36874
1.1929
-1.32442
0.167082
-2.5075
-0.169733
-0.000512309
-0.79688
-2.56709
-2.42955
1.27945
-2.3791
-1.57939
0.966596
1.96671
-2.33183
-1.93492
-1.20673
-2.37519
-1.60614
-2.66709
-1.80169
-1.31778
-1.12033
-0.396884
-0.281568
-1.56565
-1.72389
1.39829
0.977054
-2.70081
-2.75348
-2.41961
-1.63462
-1.76689
-2.46806
1.10267
1.24561
-1.5325
-1.9084
0.165654
-2.37047
-1.54928
1.4859
-1.08939
-1.47142
-0.846219
-1.60353
-2.65692
-2.47483
-1.61716
0.707307
-2.82605
-1.85676
1.66474
-1.55188
-1.48653
-2.58539
-1.03888
-2.09817
-0.459131
-1.45555
-0.802236
-2.67947
-1.09866
-2.29712
-1.24433
-2.15636
-1.49534
1.8306
-0.524758
1.09184
-2.32252
-0.277911
-1.61029
-1.14948
0.437147
-0.35389
0.562723
-1.8496
-1.06987
-0.527781
-1.98555
-2.70056
-2.86516
-1.589
-0.358878
0.169306
-1.50453
1.58036
-2.15388
1.98746
1.72725
-0.471708
-2.17991
-2.8861
-2.50971
-2.03589
-2.65764
-1.99329
-1.03878
-1.28884
-1.99096
0.736452
-2.40117
-0.470466
-1.02994
-1.15362
-1.12037
-0.4273
-1.5
-0.79257
0.938853
-1.75967
-1.88091
0.630284
-0.715995
1.54378
-2.46935
-2.04527
-2.76441
1.03931
1.57556
-1.79275
-2.5383
1.63969
-1.24762
-2.32515
-1.4718
-1.45402
-1.51972
-2.24377
-2.2532
-1.02483
-0.807393
-1.52661
-0.415782
-1.80041
-1.13675
1.84397
-1.59466
-2.3841
-0.813847
-1.35227
-0.202875
1.14991
-0.891826
-1.34814
-1.11826
-0.963583
0.405911
-1.44273
-2.00306
-2.22872
1.67389
1.17267
1.86596
-1.50045
1.33957
-2.10124
-1.12198
-2.44074
-1.88932
-1.33297
-2.44345
-1.62596
-0.409953
1.1735
-1.31805
0.765809
-2.18218
-2.42505
1.74875
-2.44268
0.302177
-0.556007
0.494031
-2.20813
1.79937
-2.53432
-2.93806
-2.5768
-2.21044
-1.55183
-1.74918
-1.60781
-2.13793
1.34145
-2.97988
-2.56005
-1.08558
-1.46384
-0.587493
-1.89955
-1.48186
-2.29038
-2.68414
-2.62234
-0.237262
-1.73144
-2.29709
-0.589815
-1.18129
-0.0948832
-1.05543
-2.32512
-1.92025
-0.726191
-2.79303
-1.8315
-1.49596
-2.89112
1.23688
-0.302724
1.19686
1.55653
-1.81737
-2.83079
1.77206
-0.831806
-1.73657
0.708637
-0.601017
-1.8663
-0.968752
-1.25853
-2.35122
-2.81432
-0.243364
-0.142285
-1.15337
-1.21185
-2.76672
1.75661
-2.23802
1.37592
-2.61857
-1.96703
1.92613
-2.63998
-2.56432
-1.22604
-0.752517
2.08125
-2.66912
1.77003
-2.57004
1.98563
-1.65607
0.398419
-1.24225
-1.54176
-0.0571535
-1.54035
-0.19739
0.525911
-0.974762
-0.209886
-0.788627
-1.57242
1.59398
-1.86345
1.67687
-1.80966
-1.79987
-2.58892
-1.59412
-2.04333
-2.26955
-2.79967
1.35224
-2.21794
-2.46525
1.43517
-1.46833
-2.43167
-0.340481
-0.265646
-1.17595
0.0127398
-1.63353
-1.47793
-1.62464
-2.25835
-2.63783
0.456445
0.961412
0.538472
-1.8805
-2.44194
-1.5908
0.736604
1.15132
-1.3521
1.40923
-1.95011
-1.95388
-2.59154
0.164752
1.14434
-1.87838
-1.62879
-1.23424
-1.37368
-2.39518
-0.630303
1.98319
1.60957
-0.336473
-1.68902
-1.20843
-1.0848
-2.23291
0.273835
2.09606
-2.22218
1.70134
-2.62322
-2.02691
-1.55236
1.23267
-1.4203
-1.57124
-1.98406
-1.49162
-2.76196
1.84553
-1.27534
-1.79386
-1.77476
-2.70402
-2.18687
-2.26778
-2.35193
-0.408532
1.68428
-0.58546
-1.48411
-1.98902
-0.0429909
2.06814
0.505955
-1.52276
-0.55922
-0.871896
-1.70908
-1.70336
-2.79063
0.318583
-0.713308
0.125788
-1.7067
0.897166
-0.782908
1.32681
-2.33445
0.445813
-2.20995
-2.61036
-1.39548
-2.16363
-0.0991673
0.368695
-2.64364
-1.30591
-1.36733
-2.00162
1.25314
1.35446
-1.97546
1.5964
-2.89891
-1.15292
-1.87337
-2.91618
-2.18769
-0.357436
-0.375414
1.26699
-2.18575
-1.34313
-2.44319
-2.06798
-1.24753
-1.53021
-2.40546
-1.92354
0.326068
-1.80919
-1.68504
-1.25586
-2.26771
-1.59028
-2.63527
-1.44114
-2.19414
-2.19603
0.244726
2.14267
-0.0915562
-0.975459
-1.98304
-1.31643
1.55165
-2.25028
-1.43198
-2.38545
1.75785
-0.555892
1.82832
-0.572673
1.60523
1.80284
1.27038
-2.56585
-0.626342
-1.68019
0.565216
1.59331
-2.10114
-2.01014
-0.296141
-1.82989
-2.64572
-1.28986
-2.08201
-2.38459
-0.807052
-0.227288
-1.59874
-1.34152
-2.95264
-1.78741
-2.2441
1.34919
-1.89218
1.03378
-0.717695
-1.56472
1.35091
-2.07498
0.993576
-1.93152
-1.78923
-1.51982
1.28423
-2.61126
-2.54776
-2.22169
-2.26304
-0.632248
-1.99461
-1.44209
-1.70498
1.30066
0.892589
-2.05121
-2.18161
-1.82577
-2.01781
-2.17514
1.02314
1.68156
-1.55508
-1.58924
1.27018
-1.80513
1.23684
-0.559967
-2.49575
-1.82946
-2.31787
-1.60939
-0.865883
-0.865382
-1.8029
-2.16873
-1.22828
1.89025
1.63444
-0.375237
-1.06946
-0.572802
-1.51912
2.03789
-0.958181
-0.1166
-1.61171
1.63579
-1.36861
1.52057
-1.31305
-1.79921
-2.63124
-0.386851
-0.220322
-0.399978
-1.76672
-2.1496
-2.6228
-2.58156
0.957746
-2.12799
-2.02674
1.22144
-0.443469
-2.20146
1.14725
-2.74542
-2.05713
1.8291
-1.92114
-2.54338
-2.52947
-0.504108
-2.75919
-2.67068
1.78482
-0.888143
-0.91315
-2.59931
-1.19839
-2.44165
-0.667453
-1.01826
-1.51494
1.98764
-2.96286
-2.7921
-0.538055
-0.896583
-1.6712
-1.68669
0.749722
-0.0372102
-0.948543
-1.14493
-2.3379
-1.17192
-1.56398
0.682018
-1.62148
-2.42398
1.49624
-1.71062
1.87669
0.118382
-2.23188
-2.25116
-2.11222
-1.0915
1.47905
1.68004
-0.290942
-1.3984
-1.76814
-1.15348
1.73303
-2.40577
-2.74453
-1.70522
-0.915442
1.50242
-2.20308
-2.19661
-0.135235
-1.10046
-0.867027
0.441485
-1.96854
-1.83432
-2.50978
0.849663
-0.54971
-1.321
-1.66686
-1.63068
-2.48371
-1.46378
-2.94162
-2.80463
-1.91775
1.23782
-0.0745723
-0.71685
-1.36741
0.871857
-1.81235
-0.595744
1.73841
-2.03466
0.0135722
1.96112
-1.91617
1.34997
-1.45916
-0.443843
-0.772704
0.233303
-2.54272
-1.72789
1.09818
-0.505827
-0.310247
2.16081
0.329773
1.42233
-2.27707
-1.95708
1.12094
-1.31936
-1.8254
-1.7173
-2.3958
-0.0485399
1.41095
-1.48323
-1.1992
-2.72838
-2.71845
-1.63662
-0.882358
1.37857
-2.86034
-1.93712
0.548747
-0.649835
-1.71278
0.887608
-2.62472
-1.84618
-2.57844
1.60434
-2.76194
-1.72737
-2.55255
-1.22914
0.843279
-2.53567
-0.98803
1.27861
-2.30038
-2.55455
0.685091
-1.1934
-1.02616
-1.72096
-2.57999
-0.165303
-0.618077
-0.578209
-2.18845
-0.807295
1.66146
-1.90234
1.32652
-1.41378
-2.60903
-2.44916
0.107686
-1.73877
-1.97194
-1.36625
1.53643
-2.48259
-2.54423
-1.86006
-1.17239
0.331443
-0.607375
-0.780885
-1.19936
-2.04823
1.99133
1.1418
2.13398
1.25518
-2.17165
-1.86313
-1.9783
0.126744
-2.00789
-0.243292
-2.21463
1.0288
1.06453
-2.15959
-2.45246
1.56309
-2.30167
1.79221
-2.98869
-2.92517
-2.9062
-1.72472
-2.21983
0.758182
-2.05148
-0.451783
-1.53086
0.859107
-2.69316
-1.50201
-1.4292
-1.43335
-0.667626
-1.2071
-0.332427
0.0137924
-1.69286
-2.31837
1.37722
-1.32755
-1.93429
-1.29696
-2.4851
-1.39975
-1.50921
-2.61334
-1.27287
-1.19529
-1.48949
-1.44349
-2.10839
0.457381
-2.41442
1.8811
-2.24334
-1.79711
-2.60145
-1.29314
1.96974
-1.28462
-1.05182
-1.0951
1.68751
-1.52867
-1.5342
-1.54696
-2.60018
-1.17907
-2.04579
-1.63534
-1.66459
-2.91471
-2.00263
-0.84635
-1.15545
-2.16556
-1.49327
0.2732
1.34187
-0.309529
-0.578653
-2.87328
-1.05353
-2.0704
1.17438
-2.2539
-1.85687
-0.720787
-2.03717
-0.485861
-1.07994
-2.64938
0.722184
-2.32162
-1.83346
1.46573
-0.899318
-2.00854
-0.200267
-2.56607
0.584858
-1.25049
-2.57536
-2.36401
-2.14776
-0.514839
1.03593
-1.05394
-2.34979
-2.17834
1.47295
-0.295885
0.448907
-2.33814
-1.8331
1.08034
0.676712
-1.52013
1.06345
-1.77348
-1.40068
-2.70739
-0.968115
1.25424
-2.75824
-2.97739
1.88613
-1.29581
1.43605
-1.04358
-0.138267
-1.92721
-2.22315
-2.589
-2.83061
-2.36108
-2.70998
-2.83836
0.578935
-2.57295
-1.84319
-1.57893
-2.75454
0.372429
-0.239592
-0.63866
-2.1377
-1.20899
-0.989534
0.823004
-1.30766
1.5938
1.53324
-0.523534
2.0821
-0.705724
-1.29041
1.23173
-2.76149
1.2684
2.04659
-1.85061
-2.36509
-1.3662
-2.30781
-2.87761
-2.77179
-1.02507
-2.52674
1.68398
-1.33803
-2.03837
-0.0513534
-1.72554
-0.950526
-1.78141
-1.43859
2.15684
-1.04217
-2.3085
0.81794
-1.88747
-0.59563
1.0584
-2.05755
0.0972861
-1.42402
2.06866
-2.17923
-2.33301
-1.73236
0.597403
-0.734614
-0.625236
0.519767
-2.88227
-2.44366
-0.928184
-1.18558
-2.14334
-1.64827
-1.26828
-0.0117186
1.0365
1.33779
-0.644036
1.8799
-2.47614
-2.39975
0.874044
-1.3722
-1.68653
1.7132
-1.82351
0.269462
-1.67456
-0.936868
-2.6995
-2.22036
0.158577
1.91804
-1.24223
-1.77598
-1.61687
-0.700081
-0.895062
-1.9435
-2.04179
-2.14961
-2.05548
-0.914637
-1.61022
-1.30155
-1.15107
-2.38437
-1.98866
-0.137184
1.32918
2.06027
-2.06853
-2.07046
-0.172813
2.05489
0.372749
-1.85611
2.08165
0.681399
-1.84821
1.72056
1.07878
0.000217461
-2.79166
1.12724
1.29457
-0.396427
-0.526546
-1.60259
-2.45499
-0.972506
-1.91088
-1.44112
-0.309789
-2.78109
1.52832
-1.44784
-1.92157
-1.80304
-2.42672
-0.979011
1.5451
-2.17029
-0.393047
1.85418
1.605
1.16769
1.73841
-0.305434
-1.7199
-2.64813
-2.59768
-0.589761
1.21035
-1.88369
-0.732752
-0.628749
-0.851478
-2.76246
1.41144
-1.69707
-2.3751
-0.63818
-2.99693
2.06887
1.36453
-1.21265
-0.381514
-0.385724
1.58837
1.64668
-2.71316
-1.81931
-2.63462
-2.20459
0.881333
-2.36375
-1.57294
0.685802
-2.2648
-0.733565
-1.31654
-2.93005
-1.70924
-0.617838
-0.440926
-1.20606
-0.513016
-1.80087
1.22494
0.0320961
1.34408
-0.714015
0.729636
0.0630139
-2.2124
1.10809
1.96252
-2.52867
-1.99723
-1.59538
-1.82082
-0.594036
-2.15208
0.0959488
-1.07075
1.41196
-1.18672
-0.888664
-2.99387
-1.41918
-2.4654
-0.990544
-2.2182
-2.89889
0.0562512
-2.76092
-1.15961
1.91102
-1.24455
0.746311
2.11702
1.01251
1.04756
-1.91051
1.48999
0.725461
-2.06432
0.358896
1.43128
1.06941
1.97715
-1.01485
-0.782938
-2.08507
-0.0014753
1.04641
-0.515768
1.14509
0.139248
1.6948
0.263808
1.47525
-1.33234
-0.892277
-2.03084
-1.54798
-1.74955
0.663646
-2.59869
-1.12821
1.9285
-1.22181
0.352185
1.83479
-2.17396
-0.954701
-2.02855
1.15208
-2.47262
1.52797
-1.50953
-2.47842
-1.85684
-1.69348
1.34513
-2.45766
-0.397056
-1.81893
0.851024
-2.77449
1.79089
1.88823
-0.856828
-2.16372
-0.907042
-2.37666
1.66227
-0.401537
-0.977586
-2.56381
-0.211126
-1.65065
0.78562
-1.30505
-2.24687
-1.91103
-0.721419
-2.04317
-1.25478
1.72619
1.84028
-0.843385
-0.423254
-1.11749
0.548373
1.54185
0.369616
0.348637
1.54768
-2.95142
-0.585556
-0.713669
1.85052
-1.08862
-2.24719
-1.38453
-0.88736
-0.669811
1.14334
1.64536
-0.465105
-0.714521
-2.77556
-0.833456
-0.388086
1.69049
-2.49191
-2.58966
-1.54928
-1.60959
0.403651
-1.88366
-1.51018
1.40525
-0.465184
-1.89829
-2.3523
-2.33013
1.27306
-2.22745
-1.62564
-1.38291
-2.79512
-1.5116
-1.34716
-2.05326
-0.472103
-2.38645
-0.0571718
-1.29576
-1.66571
-2.36484
0.794959
-2.12466
1.45504
1.08335
-2.08676
1.54826
1.21841
1.35746
1.00495
-0.936935
-2.52467
-1.16831
-2.23296
-1.05255
1.16624
-2.27775
-1.61746
-2.28853
-1.3154
-0.223568
2.01228
-1.59777
0.935131
-0.518777
-1.86092
0.113859
-2.44971
-0.250376
-1.88338
-2.41548
-1.82591
-1.32303
1.74398
-1.40163
-0.766645
-2.10307
-1.85416
-0.348018
-0.227899
0.395121
-2.01359
-0.843449
-2.11155
-2.42873
-1.43184
-2.5569
-1.65034
-2.2509
-2.43249
-1.96212
-2.43139
-2.29757
0.140656
-2.70308
-1.96933
2.07917
-1.73521
-1.32815
-2.00573
-0.0840195
-0.710811
-2.27382
1.62085
2.12165
0.384345
-0.656642
-1.65979
-1.27936
1.60235
1.01724
2.04021
-0.430916
-1.64932
-2.58331
0.7839
-1.195
-2.68765
-2.26941
1.92238
2.07392
0.58
-2.69285
-2.57903
-0.633404
-1.29739
-1.3641
-1.27505
1.99707
-1.5579
-1.876
-1.74266
-0.371915
1.74165
-1.36393
-1.77412
-1.15128
-0.656728
-2.16729
-1.58362
-1.3723
-0.73242
-2.9933
-2.44286
0.614116
-2.04591
-0.730526
-0.583434
1.14815
-1.21401
-2.03972
-0.664286
-1.78492
-0.924877
-1.85182
-1.7571
-0.705396
-0.773406
-1.29687
-0.886283
1.52894
-1.59158
-2.14457
-0.962792
-1.97439
-1.88712
-0.562172
-0.946229
0.211367
-2.22328
-2.04402
-1.30635
2.07432
1.17936
0.627541
-2.00572
-2.29401
0.934852
-2.51542
-2.12944
-1.28376
-0.0717001
-2.50088
-2.58275
-1.141
-0.678917
-0.626389
-2.55909
-2.0275
-1.09681
2.0089
-2.16116
-0.825484
-1.7687
1.34038
-1.45793
-2.04358
-2.38694
-1.62067
-0.151913
-0.917686
-2.07083
-1.22895
-2.1119
0.288593
-2.16192
-2.91767
-0.944257
0.0137966
-1.50455
-1.05338
-0.353058
-1.75407
-1.63283
-1.43021
-1.74107
0.860483
-1.88914
-2.83426
-0.17653
-2.86045
-2.59657
-1.62325
-0.15541
1.63099
-1.84703
1.89602
-2.41392
-2.08225
-0.985014
-2.46075
-1.73685
0.764573
-0.702788
-1.66797
1.73624
-1.03975
-0.740072
-1.71581
-1.5071
-0.209334
0.0312638
-2.61336
0.819315
-1.77098
-2.66953
-2.12886
-2.43057
-2.07967
1.40912
-2.8547
-2.34856
1.05206
-2.19283
-2.93425
-2.2185
-0.116567
-2.16383
-2.41749
-2.28616
-1.12084
-1.43484
0.219035
-1.45639
1.76373
-1.07498
-1.58716
-2.61353
1.8247
-1.47779
-1.83026
-1.16187
-1.30261
1.34619
-2.34012
-2.28628
-1.97508
-1.24534
-1.44848
-2.85745
-1.41837
-1.78458
-2.23827
-0.860949
-0.822798
-1.49415
-0.817398
-1.16139
-1.67817
-1.88027
1.43237
-0.104071
-2.19857
-1.36828
-2.54631
-1.78343
-1.74939
-0.486056
-2.24277
0.521609
-1.11819
-1.66599
-1.43644
1.39068
-1.904
-2.16617
-1.95016
1.05833
-2.56018
-2.06874
-0.792288
1.86991
-1.23896
0.052112
0.147415
0.787621
-1.54286
-1.79237
-1.38306
-2.772
-1.30607
1.56505
-2.12287
1.0137
-2.21189
-0.933303
0.763825
-1.13891
-0.962263
1.32226
1.73433
-0.795844
-2.12413
2.05348
0.0103133
-1.66917
-0.425376
-1.39759
-2.43982
1.4448
-1.49857
1.31843
-2.75011
0.645315
-1.84995
-0.455681
-2.05472
-2.49926
-2.41036
-2.51148
1.09105
1.88797
-2.84149
-1.83824
-0.960318
-2.15164
-0.611069
-0.293532
-1.66205
-1.80025
-2.1865
-1.27404
0.910072
1.7139
-2.2289
1.63689
-1.19768
-1.32942
-1.77607
-1.51676
-2.49382
-2.66664
-1.82966
2.03759
-1.61361
0.231237
-1.95258
2.00599
-1.80434
0.159888
1.00833
-0.674468
1.78875
-2.62805
-2.78068
-2.11013
-0.391544
0.275087
-2.02024
-1.25656
-2.34344
-2.7386
-0.782699
-1.23692
-1.03356
-2.50148
-2.32595
-1.8294
-2.83155
0.0445853
-1.86844
-1.82036
-0.211071
-2.3309
-2.01308
1.31584
1.42293
-1.60325
-0.651272
1.76737
-0.211106
-1.96242
-1.40605
-1.92896
-1.32826
-2.39793
-2.72536
-1.47876
-0.468298
0.155776
-0.65857
-0.855569
-2.36397
-2.42556
-1.00798
1.36766
1.76565
-1.39357
-2.69545
-2.71051
-2.72432
-1.70389
-1.70929
-0.478584
-2.19751
1.70086
-1.44457
-2.31958
0.11088
-2.08039
-1.94331
-2.08298
-2.16452
-1.36857
-2.67066
-1.21779
-1.70618
-2.01306
1.42305
-2.01496
-0.976132
-1.35151
-1.90997
-1.85643
-2.29568
-0.0501496
-0.766178
-0.135817
-1.00151
-1.04475
-1.99136
-1.14055
-0.714021
-1.65751
-1.02238
-2.06256
-2.45157
-1.83217
-1.57625
-2.26126
-1.53914
-2.08525
0.23214
-2.73141
1.58117
-1.32897
-1.14959
1.59909
0.47322
-0.495287
-1.92347
-2.96126
-1.38866
-0.554895
-1.10734
-0.570662
1.46831
-0.756637
-2.94133
-2.51952
-1.20902
1.54323
-2.49715
2.05759
-2.12265
-2.13774
-0.914332
-2.78737
-1.64637
-0.914993
-1.3492
-2.59535
0.675156
-2.0262
-1.9143
-1.08515
-0.502467
-1.58094
-2.68113
-2.17173
1.73758
-2.86542
-2.43202
-1.10202
0.683771
-1.8835
-1.95982
-0.0325601
2.00539
-1.84812
-1.49614
0.733801
1.1102
-2.07372
-0.136795
-1.22374
1.09154
-1.19174
-2.52396
-1.95237
-1.83571
-1.18455
-1.88554
0.456527
-2.55081
-0.586085
-1.61239
-0.631666
-1.56201
-2.47394
-0.387923
0.979107
-2.27318
-1.12475
1.63876
1.92189
-1.61299
-1.09125
-1.12465
1.9896
-1.71307
-0.398772
-1.31119
-1.13683
-2.28224
-1.55343
0.577723
0.0473814
-0.63144
-0.618699
-2.55496
-2.02993
-2.70373
1.90915
2.04959
-0.812439
1.76119
-1.7798
-1.5309
-1.86891
-1.98507
-1.97156
-2.93244
-1.58708
1.14906
-2.32603
-1.07053
-2.79479
-2.775
0.0577223
-2.33598
-1.10626
-1.72563
1.05796
-1.08998
-0.546982
-2.95183
-2.27094
-2.87358
-1.67078
1.86337
1.77345
-0.266136
0.862585
-0.770273
1.31222
-2.77081
-2.4372
-1.26629
-1.18384
1.59004
-0.594932
-0.76759
-2.35677
-0.679387
0.0229678
-1.91046
1.50061
2.08151
-2.88495
-1.9563
-2.50118
1.77581
0.0272995
-2.79422
-0.694057
-1.9693
-1.98414
-1.71922
-2.07051
-0.475231
0.171077
-2.37342
1.60975
-1.16207
-2.51907
1.6561
-1.34916
-1.85702
-1.77785
-0.794615
-2.56838
0.158659
-2.95699
-0.559367
1.51968
-2.79342
-0.793027
-1.93586
-0.268832
-1.76554
-1.68623
-2.20269
-2.39588
-0.91195
-1.63488
-1.94044
-1.16669
-2.15104
0.74044
1.89054
0.312398
-0.651224
-0.352632
-1.85534
-2.54686
-2.28355
1.2127
-1.85481
-0.330507
-2.02364
0.439727
-2.51845
-2.65001
-0.60218
-2.81358
-1.22524
-0.258425
-2.99566
-0.9751
-2.24574
-0.603627
-2.57335
-1.50594
1.12282
-2.02283
-2.33282
-1.83542
-1.7414
-1.3421
-1.75241
1.07573
-0.273795
-0.489851
1.88813
-1.08701
1.32506
0.357245
-1.92039
-1.14816
-2.75378
-2.36211
-2.36423
-2.5042
1.84854
-1.56981
-1.13395
1.99739
-1.58811
0.207216
-0.293118
-0.354814
-1.99704
-1.27957
-0.0120307
-1.63284
-2.95638
-2.15813
0.389422
-1.99539
-1.79685
-2.02199
1.41656
-2.3116
-0.417469
-0.329335
-2.33698
-2.77519
-2.83696
2.03906
-0.49561
-0.239058
-1.83339
-1.74967
-0.711288
-2.44354
1.97132
0.916554
-1.0895
-2.54656
-1.7571
0.341385
-2.55247
-1.8909
-1.80293
0.958792
-2.44428
1.01418
-2.44482
-0.493511
-2.98583
0.284349
2.11615
1.7275
-0.545719
-2.79126
-2.04774
0.305871
-0.769951
-1.46135
-1.08659
-0.998917
-2.17302
-2.85339
-2.10836
-1.18315
-2.00713
-2.23689
0.590223
0.875843
-2.63676
1.12944
-0.53585
-1.6443
0.222049
-2.01953
-1.56301
-2.73433
-2.57181
-2.75714
-1.77243
-2.69375
1.97667
0.342291
-0.417572
1.94222
-0.89804
-1.0403
-2.0588
-0.208374
-1.98087
-2.47206
-2.28574
-2.31563
-2.05736
0.394868
-1.46163
-1.20065
-2.27551
1.79334
-0.387707
-1.45963
2.11843
-2.57975
-2.56081
-2.21919
-0.915863
-1.77074
-0.764485
-2.48646
-1.30538
-1.27277
-0.509153
0.770655
0.434557
-1.16394
-1.04053
-1.52729
-1.34545
0.5758
-2.27729
1.51573
-1.48045
1.17096
0.804648
-2.5208
-1.51954
-0.527826
-2.97064
-1.19068
0.561234
-2.40536
1.59847
-1.81156
-1.10716
-2.6706
-1.18603
1.13977
-0.915838
-2.96151
-2.81243
-2.1631
1.03782
-1.62175
-1.61206
-0.643386
-0.946898
-1.5521
-1.74524
-2.79517
0.896113
-2.34531
-2.30757
0.786206
1.78012
-1.91413
0.821829
-2.6716
-0.603332
-1.23027
-2.41375
-2.56358
2.12891
-1.4619
1.66306
-2.36579
1.77806
-1.44538
-1.70734
-1.49775
-0.502303
-0.913158
1.72942
-2.7686
-1.60117
-0.734211
0.0607082
-0.572772
-1.64376
-2.13138
1.61238
1.76074
-1.42093
-2.75811
-2.34059
-1.49012
-2.04469
-2.28213
-0.215123
2.14345
-2.85685
-1.42607
-0.288635
1.97533
-1.19639
1.91312
-0.414183
-2.83181
0.12483
-0.17804
-1.46754
-1.75239
-0.887212
0.479711
-1.90161
0.49839
-2.48812
-0.767408
-1.14184
-0.845961
0.0371969
1.02366
-2.5815
-2.05041
-2.30548
-0.476169
-1.93792
-2.04367
-1.91493
-2.66428
-2.25707
-0.7343
-1.67251
-0.827494
-1.96674
-1.37799
0.909828
1.9288
-1.78657
-1.958
1.14935
-2.05738
1.66916
-1.14537
-0.655546
0.17818
-1.99213
1.19351
-2.03359
0.732664
-1.41524
1.54079
-0.945692
-0.952445
0.532614
-2.02392
-1.88987
-1.46883
-2.00748
-2.01756
2.16635
-0.357835
-1.2976
-1.75034
-1.486
-0.817096
-2.87013
-1.7581
-1.15973
-0.420498
-2.62262
-2.07996
-2.30892
1.65643
1.09348
0.189039
-1.08499
-2.94714
-0.350004
-1.27622
-1.36002
0.560509
1.74762
-1.29355
-2.23853
-1.62907
-2.68829
-2.07635
-1.72574
-1.05762
-2.15987
-0.854547
-1.85819
-0.571717
-1.14566
-2.29794
-1.95684
-2.98823
-1.98892
-1.2736
1.20737
-2.23113
0.96252
1.59435
-0.788283
1.08802
-1.29749
-1.6258
-1.50578
-2.75183
-2.42728
-1.66216
-1.2359
-1.63342
-2.63198
-2.53911
-2.8047
-2.23394
-1.57251
-0.867282
-1.35795
2.0554
1.91594
-1.43812
-1.7491
-2.01565
-0.0192604
-1.92271
-2.6703
-1.39624
-0.578106
-2.15866
-2.05397
-1.83602
-2.65155
-0.117568
-1.64645
-1.83386
-1.56244
-0.649274
0.43188
1.2944
-1.63276
-2.03372
-2.73034
-1.54596
0.908587
-0.311428
-0.0136386
1.38697
-2.11699
-0.114391
-2.38019
-2.94386
-2.17444
2.04042
-1.47573
-1.27427
-0.785797
-1.66409
-0.636646
1.54361
-0.722033
1.87806
-1.35664
-0.26401
-2.47451
1.22727
0.370829
0.325922
-1.67429
1.50849
-1.64471
-1.25393
-0.656223
-2.20043
1.82959
-0.883709
-2.6365
-1.26283
-0.268404
-0.866773
-1.72229
-0.674286
0.97663
-0.735763
-0.417369
1.52812
-1.50903
-2.20456
-1.30383
-2.3681
-1.71285
2.17283
-0.702217
0.814206
-2.24555
-1.57228
-2.17514
-0.965853
-1.0755
-2.0564
-0.905299
-1.43698
-2.30619
-1.02447
-1.94436
-1.76704
-1.6372
1.93198
-1.13828
-0.830229
1.1134
-2.31846
1.0077
-1.61486
-0.222989
1.48755
-0.665319
0.922831
0.793032
-2.46785
-2.25741
-0.181408
-2.15996
-2.27828
-0.996417
-2.21194
1.53472
-2.15475
-0.0533683
-0.00687644
-2.85806
-2.15079
-2.22797
1.67536
-1.83014
-1.7007
-1.40028
-1.97392
-2.14503
-0.87941
-2.32455
-0.958151
-2.67676
-1.58266
0.763389
-2.78573
-1.61543
-1.41613
-0.783738
-2.83888
-2.58394
-2.79008
1.6903
-2.22485
-2.77584
-1.16993
-0.840842
-2.52021
-2.06784
-0.969548
0.771651
-0.991631
0.39069
-1.75883
-2.66633
-2.21542
-0.58518
-2.46056
-1.89216
-0.806732
-1.09261
-1.32971
-1.00593
-0.925199
-1.23867
-0.954538
0.964432
2.10518
-1.2368
1.04106
-0.27615
0.770368
0.0940214
0.427749
-2.31057
-2.82343
-1.49066
-1.74026
-1.42865
-1.56383
-1.24397
-0.418645
-2.27446
-0.0635808
-1.55336
-1.55395
-2.53704
-2.60743
-2.59895
-1.74189
-1.23375
-0.942303
-2.00135
1.91153
2.02239
2.05809
-0.979532
0.887677
1.7022
-1.16956
-1.80969
-1.09886
-0.932307
-2.02379
0.122407
-2.69271
-2.15441
-2.46145
-2.78067
-1.47785
1.39528
-0.520411
-0.932531
1.6491
-1.21731
-2.53203
-1.95159
1.54019
-1.4925
-1.44814
-2.31049
-1.55036
0.0209947
-1.59107
-2.66256
-2.30584
0.326207
0.499908
-1.80593
-1.61848
-0.180336
-1.17272
-0.182306
-2.08952
-2.31788
-1.8754
-1.77547
1.58262
-2.22229
-1.97193
-0.872922
1.51781
-2.70015
-2.38703
1.15368
-0.579546
0.801149
-1.00844
-1.30519
-1.10434
-1.14153
1.0697
-2.37518
2.13401
-1.84692
-1.38442
-0.963517
1.70973
-2.51999
2.02352
-2.6
0.46249
-2.91526
-1.49259
-2.71425
-1.86882
-2.75136
-2.40215
1.81629
0.526434
-1.37033
-1.7281
0.737446
0.445655
-1.71709
-1.69141
-0.488979
1.66544
0.901686
-0.472112
1.65959
-2.8231
-1.47788
-1.65455
0.251762
-0.823749
-1.40218
-1.1464
-0.936222
-1.97868
-2.67825
-1.67258
-0.689931
-1.80375
-2.20808
1.24247
-1.01385
-1.25898
-0.127817
-1.78188
-2.51471
1.42875
0.0742372
1.70748
-2.42316
-2.52261
1.95747
-0.985242
1.57795
-0.785609
-2.29594
-0.617818
-1.77195
0.900206
-1.57587
-0.548948
0.723828
-0.547099
-1.11002
-1.34247
-1.20844
-1.55402
0.103608
-1.51538
-0.504188
-2.37538
-1.29181
0.0626902
-0.138493
1.37982
-0.284787
-0.63613
-1.56721
-0.731795
-0.683142
1.25055
1.47526
-0.356058
1.44087
-1.95868
-1.69793
-0.342815
-1.22024
-1.83728
0.908495
-1.83
-1.82512
-2.54692
0.908269
-2.21774
1.85079
0.468777
-2.60974
-1.52233
-2.30666
-0.119719
-2.86913
-2.92112
-2.83932
-2.43838
-0.208549
0.623977
-2.6861
-1.124
-2.09288
-2.77103
0.749805
0.531235
-0.291322
-2.51683
0.595946
-1.58512
-2.36814
-0.0457195
-2.31237
0.775089
-0.613832
1.1717
2.19371
0.846806
-1.80692
-1.9916
-2.26341
-2.57207
-2.82043
-1.59746
1.27459
-0.129346
-1.90573
1.09102
1.66629
2.0681
1.85987
-2.073
-1.74756
-0.372518
-1.30639
-2.11804
-2.25196
2.05585
-0.188196
-2.51498
-2.40219
-0.389729
0.51584
-1.06779
0.660289
0.393597
-1.19692
1.09485
1.70547
0.966971
-0.600576
-1.99117
-1.5227
-2.29169
-2.04891
1.21007
-1.0882
-1.17685
-0.868099
-0.522072
-1.50317
-1.94671
1.60738
-1.3375
-0.907657
-1.85023
-1.84598
-1.03744
-0.925334
-1.7403
-2.31458
-1.94614
-2.67842
-2.76144
-2.12331
-2.74722
-1.14751
-2.5914
-1.84239
-2.33847
-2.42981
-2.21785
-2.39126
-2.54866
0.964822
-1.91836
-1.58578
-1.70359
-1.10785
-2.24961
-1.28299
-1.98519
1.31116
-2.35048
-1.55041
-2.24037
-2.24851
-2.83479
-2.66052
1.47292
1.36384
1.79616
-0.935569
-0.873875
-2.63029
0.227349
-0.22515
-1.71654
1.7389
0.130118
-0.050079
-0.0715732
-0.951132
-0.714898
-2.38104
-0.175658
-1.91032
-0.161626
-2.16002
-2.35711
-2.15819
0.574949
-2.54327
-1.67346
-2.34281
-2.56758
-0.576324
1.61769
-1.065
-1.55386
0.177568
0.684175
-1.30384
-1.42202
-0.262155
0.723406
-0.576418
-2.38309
-2.56897
-1.61404
-2.42279
-1.34428
1.07083
-1.3309
-1.59092
-0.0424503
1.94505
-1.65405
1.17554
-2.10097
-2.6007
-1.78895
-1.00113
-1.9528
1.39474
1.52777
-0.305004
-0.437027
-1.27174
-1.54978
1.33378
0.0150367
-2.91976
-2.31483
-0.27779
-1.099
-0.821581
-2.16807
-1.64535
-1.20881
0.362086
1.79834
-2.22313
-1.67109
-2.47973
-0.839363
-1.30304
-1.02608
-2.78728
1.81056
1.42389
-1.44694
-2.42793
-1.51813
-1.17607
-0.417302
-2.30231
-2.76394
0.550771
1.50867
0.557128
-1.79018
-2.67274
-1.70909
-1.56656
-2.15397
-2.04701
-1.45146
1.66033
-1.36694
-1.73246
-1.7232
-0.621406
-1.28785
-1.53856
-2.79023
-1.18861
-2.41325
-2.4262
-1.69028
-1.1127
-2.08604
-2.37044
-0.392695
-1.41638
1.80197
-2.2194
-2.44745
-2.57464
-2.61553
-0.453356
2.02483
1.26715
-1.68806
-2.94226
-1.28182
2.08993
-1.68058
-2.58287
-1.12689
1.03832
-2.50766
-0.6441
-1.78864
-0.418403
-2.28088
0.320717
-2.61902
-1.91786
-1.26245
-1.36109
0.977764
-0.92383
-1.66616
0.177747
-1.36586
-2.42477
-1.2014
-1.78729
1.26061
-2.75635
-1.49063
-1.99398
1.53506
0.692992
1.5305
2.03246
1.37924
-1.73073
-2.1181
0.0957393
-2.29151
-1.64605
-1.25501
2.12722
-0.382551
-1.95774
-1.44113
-2.4925
-2.08603
-1.16944
-2.12948
-2.66699
-2.675
-2.74003
-2.12556
1.51034
0.0780245
-0.136286
1.22121
1.88065
1.34247
-1.48758
-1.33961
-1.85844
1.16739
-2.19256
-1.05796
-1.27799
-1.56034
1.34325
-1.6557
0.640884
0.899782
-2.39472
-0.152184
-2.15833
0.951686
-2.14933
-1.59195
-2.51058
-2.82405
-0.70649
-2.82282
-2.35494
-2.14747
-0.739512
-2.03997
-0.44656
2.00991
-1.81859
-2.39129
-2.92623
-0.384789
-2.26967
-2.14904
-2.3758
-2.55138
-2.23133
-2.19215
-1.7359
-2.46449
-1.57955
-2.4879
-0.82571
-0.988356
-1.56831
1.53997
1.27821
-0.59547
-2.67952
-0.925961
-0.505606
-0.465935
0.82327
-1.39729
-2.03295
-2.48997
-1.44263
-2.12245
0.865044
1.78308
-2.6076
-1.82254
1.19825
-1.40659
-2.60488
1.39512
0.345666
-0.44549
2.09466
1.95046
-0.449275
-0.559346
1.85623
-2.61746
1.59565
-2.51421
-2.46954
1.50498
-1.93614
1.8286
-2.94829
-1.06035
1.52336
-2.05086
-0.6301
-0.90659
0.1862
-0.099102
-1.93293
-0.161191
-2.0049
-1.34977
-2.18615
-2.1176
-0.81668
0.725357
1.84062
-0.806738
-2.25088
-0.14212
-0.112624
-1.06872
-2.6565
1.95993
1.23102
-1.64321
-0.541284
-2.03987
-1.77829
-2.5575
-2.6314
-1.02402
-2.38168
0.227557
-2.85139
-2.31859
-0.491887
1.3052
0.707516
1.17575
-1.48503
1.54203
-0.760324
2.09044
-1.08428
-0.788306
-2.26845
1.29424
-0.555963
-1.74489
-1.98125
-0.711828
-1.90528
-1.60978
0.628921
1.52817
-1.48039
-1.77665
-1.90244
1.57469
1.26253
1.5516
1.50671
0.0891114
-1.36622
-2.13609
-0.48107
-1.90622
-1.97667
1.13064
-1.16463
-0.816206
-1.73595
-2.02307
-2.53056
-2.96295
-1.67735
-0.732711
1.25737
1.71637
1.26346
-1.54578
0.334385
-2.41363
1.57518
2.03111
0.917108
-2.08243
-1.25311
-2.08252
1.67161
-1.41157
-2.77753
1.41777
-1.32615
0.823382
2.15772
-0.287153
-1.73474
-1.58647
-2.16615
1.80627
-2.71873
0.525971
-2.70907
-1.36877
-1.47557
1.55387
-2.02166
1.24385
-1.35676
-0.925
-2.65481
-1.99695
-1.80616
-1.32463
-2.43323
-2.55874
-0.837776
-2.18985
-1.50108
-2.88526
0.273705
-2.32782
-1.47557
-0.781769
-0.529176
-2.40456
-1.8458
0.423684
-1.92829
0.66743
-2.32542
-0.606342
-0.550428
-2.49164
-1.11034
-0.549845
-0.888013
-1.34162
0.944742
0.784277
1.78176
2.1225
-2.16999
-2.46288
-1.96141
-2.48666
-2.3263
-1.61978
-2.00838
-0.97982
-1.71164
-2.1858
-2.66463
-2.52885
-0.724765
-1.70547
-2.92249
-0.851514
-1.50329
-1.09375
0.998293
-0.62118
-2.49089
-2.47601
-2.19488
-1.73624
-0.794681
-2.61326
-2.55711
-2.66667
-1.48191
-2.09017
2.10671
-1.58269
0.298317
1.86937
-1.0167
-1.48617
-1.14413
-2.08717
-0.990857
-1.25119
-2.77623
-1.89456
-1.00937
0.835565
-2.82204
-2.0104
-2.55461
-2.06474
-0.898117
-1.80068
-1.15194
-0.574777
-2.48547
-2.19695
-2.02654
-2.43845
-1.3958
-2.41624
-0.668896
-1.84181
1.85094
0.830242
-1.67851
-0.483682
1.81529
-1.20952
-0.636955
1.73735
-2.77661
-1.87562
1.72428
0.77699
-2.31781
-1.97266
-1.47385
-1.5395
-0.781737
-1.58214
-2.03906
1.95661
-1.64876
1.97126
0.795289
1.86483
-1.5477
-2.56201
-2.18791
-1.05795
-2.14862
-1.66901
-0.357778
-1.77929
-2.20713
-0.272546
0.185617
-1.88979
-1.81607
-0.0860943
1.29698
-2.66919
-1.79349
-2.05939
-2.20443
-1.8446
0.941291
-1.24362
-0.485305
-0.612117
0.863711
0.532207
-1.65174
-0.788978
-0.669668
-0.697924
-2.35378
-1.99508
-1.18729
-1.08124
-0.794234
-0.886927
-2.41477
1.03779
1.68967
2.13784
-2.3368
-1.23921
-1.9826
-2.31657
1.62754
1.2411
-2.04773
0.899065
-2.81741
0.156384
-1.52053
-1.69018
-1.76876
-2.39526
-0.532168
-1.8114
-1.33285
1.30726
-2.03717
-1.62371
-0.93561
-2.28658
-1.08261
-1.17648
1.22464
-1.07468
-0.935344
1.69837
1.02576
-1.46197
1.51095
-2.10931
-2.10645
1.98927
1.33994
0.788278
-1.46812
1.29606
-1.46055
-1.71277
-1.3864
-2.2679
-2.29531
1.28016
-2.47665
-2.44123
-2.13269
-2.77424
1.62608
-1.89669
-1.92019
-2.11355
-2.6724
-0.403113
-1.42768
0.807632
-1.32888
-2.717
-0.996664
1.23339
0.776352
-2.42548
-0.240947
-2.81943
1.83704
-1.08749
0.513082
1.3669
-2.6815
-0.758202
1.92833
-1.78739
-0.292802
-2.01615
-1.56108
-0.843838
-0.606405
-2.20587
-2.25235
-1.38635
-1.92314
-0.22946
-2.40596
-1.7438
-1.74771
-0.912917
-0.971434
1.41934
-2.37328
0.130397
-2.60305
-2.5845
-2.88283
1.0931
-2.41396
-0.844554
1.65984
-2.28429
-1.22678
-2.24116
-1.55584
1.26175
-2.06428
-0.907707
-2.86303
-1.79336
-2.11422
-0.836355
-2.07972
-0.463198
-1.91131
-1.96661
-1.63364
-1.18187
-2.20319
-2.2293
-1.4977
-2.40467
0.211573
-0.400286
-1.90776
-1.82114
-1.43101
0.603746
-0.81817
0.188319
-0.892099
1.30502
-0.537412
-1.52988
1.91083
-1.85996
-0.701863
-2.05997
1.21144
-2.43227
0.303158
-2.32989
1.34324
0.254744
1.46212
-1.85087
-2.34083
-1.89057
-1.54065
1.0757
-0.565306
2.09945
-0.825842
-0.288726
-2.57536
-1.66525
-1.00098
1.60792
-2.75589
-1.43012
0.315843
-1.52326
-2.7127
-0.491321
-0.422517
1.53109
-2.36631
-1.0236
-2.18707
-1.35287
1.1577
-1.89843
-2.11989
-1.92525
-0.60627
-0.995991
-1.02622
-1.76219
-2.34278
-1.29252
-0.828108
1.09772
-2.30149
-2.20577
-1.37243
-2.01335
1.18253
-0.91478
-1.22443
-1.67513
-2.46322
-1.80106
-1.87356
-1.7083
-1.04928
-1.666
-1.00318
-2.90362
-2.53914
-2.83168
-2.95096
0.149358
-1.96407
0.811188
1.65472
-0.396363
1.21575
1.47478
1.56771
-1.2984
-2.64554
-1.65533
-2.17715
-1.29578
-1.94103
-2.12078
-2.07101
0.963223
2.08225
-2.61182
0.223463
-2.38049
-1.69223
-0.402187
0.725826
-1.08863
-1.47246
1.2191
-2.42409
-1.81874
1.80205
-1.84903
-2.31732
-2.40908
-1.80484
-1.6317
0.939019
0.786212
0.288051
-1.83423
-1.46106
-0.188991
-1.41978
-2.29255
-1.09683
-0.0436645
0.840921
-1.97994
-1.83715
-1.2761
-1.10508
-2.1217
-2.11775
-2.49417
-2.96853
-2.25972
0.0533933
1.07491
-1.53217
0.157811
-2.96704
-1.07035
0.312022
-0.243834
-1.38033
-2.39751
-0.826492
-0.196551
-0.138308
-2.78287
-0.480763
1.64071
-1.1098
-1.02151
-1.41076
-2.43877
1.48811
-2.22766
1.71951
-1.16689
-2.24862
-2.15876
-0.312298
-0.307602
1.79489
0.218937
-2.5128
-0.224358
1.16227
-2.02709
1.62578
-1.84164
-1.77011
-0.605404
-2.06256
-1.03269
-0.977028
-2.45399
-2.26885
-2.75183
-1.64319
-1.50419
-1.55803
-1.56613
-0.126131
1.94355
1.90185
-2.24298
1.00356
-1.25871
1.53425
-1.13425
2.17946
-0.967961
-2.51224
-0.872556
-2.54657
-2.14397
1.6036
-2.29673
2.14743
0.111172
-0.715925
1.45985
-1.13934
1.47157
-2.39373
-1.52213
-2.43038
-1.1806
1.247
-2.281
-2.43913
1.31363
-0.451854
-2.01327
1.17384
-1.2307
-0.455119
-1.87602
-1.80905
1.84701
1.08194
-2.33716
0.677287
-0.663453
-0.955312
-1.08081
1.7533
-1.49892
0.0756097
-1.34933
-2.39753
0.996356
-2.09845
1.6968
-2.65779
1.61114
1.70625
1.25183
-0.390205
-2.40342
0.864986
1.62593
1.15857
-0.0647603
-2.82307
-0.988845
-1.0149
-1.96718
-1.80758
-2.57204
-1.85747
1.93729
-1.8712
-2.51637
-2.57571
-0.748568
-2.94779
-0.646203
-1.6203
-2.45481
-2.35543
-2.19048
2.08568
-0.155479
1.06082
-0.184922
0.429278
-2.15827
-2.85345
1.04565
-2.07921
-1.23504
1.81172
-2.25792
-1.43605
-2.12833
1.5607
-1.75788
-2.71546
-0.809758
-2.34557
-0.0362798
-1.50122
1.21543
-2.75405
-1.56597
-1.98208
-1.13709
-1.23684
-0.494838
2.02127
-2.02821
0.389676
-0.810025
-2.05203
1.34953
0.981532
-1.4674
-0.997436
-2.4897
-2.03663
1.65208
-1.70258
0.581564
1.9195
-2.25354
-2.89292
-2.6511
-0.27053
-0.786578
-1.34765
1.24332
-0.655034
-1.24786
1.52101
0.00588392
-0.243152
0.960273
-2.06916
-2.14286
-0.983906
-2.96707
-1.66189
-2.25384
-2.583
-0.845112
-1.30443
0.409398
1.01859
-1.67011
1.47443
-2.07709
-1.86218
-0.285563
-2.66055
-0.420388
-1.13883
1.27096
-2.06587
-2.05561
-0.437964
1.27344
2.07249
-1.22448
-1.41822
-1.47963
-1.33663
-1.63613
-1.8036
-1.69222
0.170486
-1.90283
-0.627598
-0.803757
-2.28734
-1.05021
-0.238087
-1.95544
1.48085
-1.04025
0.996574
0.30913
-1.74573
-1.27722
-0.952803
-1.774
0.915116
2.04144
-2.25531
-1.99657
0.417493
-1.09354
-2.20395
2.07335
-1.54155
-2.33917
-1.50562
1.26783
-0.0664753
1.71079
2.15372
1.42276
-1.3689
-2.4134
-2.51299
-2.64153
-2.72689
1.56914
-2.18342
-1.25937
-2.54077
-2.74499
0.408885
0.515829
-0.231696
-0.496194
-2.69793
-2.01331
-2.43044
-0.974947
-0.628587
-2.41061
-2.50576
-0.554895
-1.72495
1.83056
-2.15423
-1.1476
-1.28559
1.49101
-0.3049
1.97689
1.6712
1.46266
-2.73283
-0.765562
1.93167
-2.75135
1.99437
-1.43205
-1.93687
-0.666127
1.8785
-1.75721
-1.39547
-1.74521
-2.60862
-2.27115
-0.74689
-2.18622
-2.8227
-1.36139
-0.333844
1.77165
-0.561432
1.93269
-0.17835
-2.22233
-1.94652
-2.77872
-0.753514
-2.6732
-1.41501
-2.68658
-0.870686
-2.86532
1.39055
-0.249003
-0.723036
-1.97322
-2.51981
-1.44032
1.70274
-0.346939
-1.07916
0.835556
0.203717
-1.15317
-1.08885
-2.42746
1.60528
-1.23849
-1.77419
-2.23562
-2.33948
-2.26427
-1.73631
-2.85128
-2.48031
-0.251154
1.24222
-1.56543
-1.36627
-1.13439
0.611264
-0.6125
-1.87216
-0.447665
-2.77401
1.82781
-0.896411
-0.559074
-2.11294
2.18059
-2.04329
-1.47014
-2.18419
-0.480757
-1.73796
-1.12498
1.41772
-1.15554
1.38887
-0.70012
-1.1548
-2.10919
-2.35351
-0.783639
-0.602663
-2.17234
-0.942962
-2.24926
-2.62966
-0.637528
-1.75306
0.426146
-1.94543
0.744247
-2.52731
-1.68694
-2.02054
-0.45272
-1.30099
-0.192745
0.445997
-1.63363
-2.92695
-0.891142
1.26681
-0.820424
-2.66595
-1.50068
-1.94016
0.733741
0.844836
-1.97227
-2.96027
-0.564964
1.01388
1.77049
0.699244
-2.42184
-2.05276
1.23182
-1.07374
-0.558627
-1.92966
2.14197
1.75038
-0.695695
-2.93394
-1.93562
-2.46611
-2.03317
-1.82059
-2.37802
-2.82135
1.75192
-0.211936
-1.08109
-1.59127
-1.84847
-2.85134
-0.801587
-2.71308
-2.63648
-0.97665
-1.59085
2.06234
-1.63282
-1.58774
-1.85274
-1.68238
-2.24479
-1.87561
-2.41044
-0.545377
-1.36669
-2.17776
1.82103
-1.37643
-2.91132
-1.70383
0.0100896
0.817544
-0.814854
-0.845733
-0.556171
-1.71559
-0.928029
-0.15521
0.390975
1.7346
-1.31648
0.944713
-1.48418
-0.488279
-1.82529
-0.735194
-1.30607
1.31584
-0.134209
0.55655
1.08126
-1.91278
-1.6122
-1.85215
-1.89674
1.56585
-0.0481904
-2.11011
-0.242862
-2.73997
1.243
-0.661368
-0.708354
-1.9768
-1.47264
-1.40429
-1.49601
-0.573688
-0.0069744
-2.22442
-1.28993
-1.62119
-0.459178
-1.99542
-1.40667
-0.385815
0.651752
-1.59752
-2.7243
1.54341
-0.176471
-1.86053
-1.27235
2.09229
-2.83281
-1.19859
-2.56513
-1.44792
-1.49346
-1.40998
-1.69442
-2.86161
-2.6349
-0.957553
1.86446
-1.72506
-0.607291
-1.56199
0.617477
-1.2948
-0.340794
-2.19657
-2.87995
-1.73962
-1.17777
-2.28551
2.04687
-2.28902
-2.56014
-0.256239
0.0998052
-2.18388
-2.25722
1.88422
-0.0103127
0.326894
-0.846636
-1.21913
-2.7225
-0.706648
-0.934986
0.152999
1.42828
1.58107
-1.85437
-0.361087
1.31572
-1.89134
-2.46456
-0.540784
-2.77895
-0.613836
-1.20548
-2.08519
-2.59421
-1.61594
-2.73828
-0.988373
0.55684
-2.54095
-1.85021
0.638667
0.646406
-1.72296
1.49646
-2.42053
0.537852
1.47419
1.64332
-2.77059
-0.121084
0.621107
-2.44889
-2.85081
1.16748
-1.6627
0.275207
-2.60853
-0.387527
-1.62503
0.64899
-2.14263
-2.61038
1.11383
-1.46479
-1.54054
2.00198
-1.48208
-2.80629
1.48184
-2.00951
-1.89636
-2.32428
-1.0401
1.44187
-2.9604
1.52154
-1.51049
-1.81287
-1.98502
-0.584812
-2.17728
-0.195473
-2.3322
-2.3368
-0.955215
-1.21333
-2.32383
1.22976
-0.977695
-2.27377
1.8154
-2.46196
-0.46051
-2.2289
-2.66669
0.383776
1.98305
-2.86903
-0.884292
-2.74162
-1.67115
1.82632
-1.25166
-2.07461
-1.87264
0.907549
1.21004
-0.705056
-1.95517
-2.28524
1.16844
-2.21398
-2.05427
-1.44053
-1.62708
-0.742088
-0.739058
-1.23587
-1.33663
0.846939
-1.25081
-1.96865
-1.02959
-1.74133
-2.01422
-0.763778
-1.31929
-0.521388
-1.5129
-2.94018
-2.1012
1.90819
-1.2915
-1.93486
-0.884284
2.18265
-1.76045
1.10333
0.889009
-2.80002
-1.61274
1.31495
-1.05299
-2.26691
-2.57888
-1.37253
-2.67217
-0.925364
0.321369
-1.32857
-1.77079
-0.884543
-1.77127
-2.75287
1.23786
-1.14064
-0.653862
1.32871
-0.798798
-1.88865
1.71021
-2.51674
-2.31292
-2.31479
0.993742
-1.53417
-1.19195
-1.60181
-2.04659
-2.21047
1.86907
-2.26805
-1.80334
-0.270967
-1.33273
1.69335
0.0455471
-1.37902
-1.51025
-2.61771
-2.52357
-1.26181
-2.25866
-0.900057
1.867
-1.29214
-2.30592
-2.25099
-2.58668
-1.48123
-1.83708
-1.8163
-2.31808
1.25167
-2.43734
-1.54579
-2.60612
-1.65187
-2.4013
-2.83138
2.17321
-1.96857
-2.78403
-1.27882
-0.930143
-0.923823
-0.854505
-2.98277
-2.24505
-0.215148
-0.172675
-2.64495
-2.50414
-1.79637
-0.0828858
-1.32282
1.96122
-2.73269
-1.29592
-2.33862
1.08586
-1.26563
-2.97219
-2.30795
-2.43488
0.0813267
-2.33913
-2.01462
-2.97079
0.818832
1.17507
-2.66216
-1.31123
0.213994
-1.25733
-1.26533
2.15746
-0.380506
-2.43032
0.519084
-2.34967
-1.36909
-1.52268
-2.55914
-2.2096
-1.40228
-2.02118
-2.14019
-1.93677
1.22475
-2.18037
0.577594
-1.2595
-0.872208
-0.86313
-0.461423
1.5772
-0.292265
0.571466
0.910683
-1.12247
-1.67209
-1.50773
-1.01473
-1.42011
-1.3764
-1.06879
-2.22733
1.625
-2.37828
1.80608
-1.03671
-0.78524
-2.59963
1.18553
-2.64084
-2.06608
-0.714863
-2.85016
1.72578
-0.63445
2.14907
0.734473
0.823866
0.638414
1.86304
-0.0545967
-2.2503
-0.441685
-2.69605
-1.50099
-0.809744
1.97927
1.45718
-0.743234
-1.11761
-0.885244
-1.94948
-0.173642
0.270114
-0.905936
-2.67964
-1.32753
0.578374
-1.19654
1.63729
-1.06885
-1.31357
-0.545016
-1.5474
-0.921015
-1.04034
-1.01247
-0.736036
1.60183
1.04594
1.21542
-1.43337
-1.12175
-2.60062
-2.61479
-1.24084
-2.35845
-1.85813
-2.17692
1.65805
-2.17386
-2.24499
-1.3558
-0.857489
1.56878
-1.48327
-1.8657
-0.693407
1.71254
-0.749413
1.7574
-0.738778
1.75674
-1.02934
1.21866
-0.960485
-0.704759
-2.69485
1.02567
-2.48825
-1.11215
-2.57014
-0.485752
1.59346
-1.53905
-1.04911
-0.640624
-2.59404
-0.979341
-0.324963
-2.12483
-1.32509
0.707563
-2.09128
-0.595746
-2.5869
-0.88251
-0.898523
1.55091
-2.67532
0.765403
0.000874422
-2.50263
-1.86988
-1.78645
1.18368
-0.820099
0.288368
-1.37903
1.74664
-0.570207
-0.172948
-2.15464
-1.39831
0.307772
-2.32419
-2.62031
-1.87524
-1.83146
-1.17298
-2.75025
-0.496168
1.53013
-1.55258
-2.20868
-1.66125
-0.901359
-1.81247
-1.74131
-1.21187
-1.81301
-0.30441
-1.26918
-1.30368
-2.53223
-2.67607
-1.59248
-2.0534
-1.46467
-2.27102
-2.85943
-2.83118
-2.79091
-2.74447
-2.29894
-2.41433
0.145628
-1.48649
-2.86122
1.19197
-1.10149
-2.29744
-0.918426
-1.79786
0.757471
-1.68956
-1.58006
-1.70958
-2.1562
-0.938044
-2.26652
1.95786
1.61319
-0.971353
-0.416256
-2.8828
-0.612542
0.250355
-1.61277
-1.46795
1.90263
1.42289
0.250982
0.398354
-0.302934
-2.21494
-1.79616
-0.493749
-1.14266
-1.06243
-0.548784
-1.60202
-2.47663
-1.78546
-0.643926
-2.20157
-2.19867
-2.21755
-1.32025
-2.59961
-1.44562
-2.825
-1.0109
-0.437584
-1.42382
-2.13823
-1.27208
-1.43824
-0.632103
-0.305023
-1.0863
-0.807182
-1.31046
1.17912
-2.32967
2.15961
-1.74267
-1.17272
-1.06205
-1.52288
-2.44596
-1.96346
-1.12896
1.70372
-1.64409
1.70733
1.74589
-2.99081
-2.77983
-0.481521
-0.183605
-0.0444519
-2.57155
1.53699
-1.21566
0.699537
1.4276
1.80354
-2.52581
2.17018
1.54062
-0.827294
-1.78959
-1.74877
-2.2897
-2.18866
1.05174
-2.3875
-1.13366
1.70356
-2.15718
-1.89311
-0.584043
1.84756
-0.661098
1.71943
1.07654
-1.97817
0.158444
-2.81667
1.05384
-1.52959
-1.48825
-0.821798
-1.94886
-0.174619
-1.23704
-0.995513
-1.13643
1.35657
-1.72866
-2.82297
-0.463514
-2.15349
-0.500768
2.16227
-1.62305
-2.78618
-1.77977
-2.53365
0.957011
2.11783
-0.422467
-1.71685
0.328923
-1.56914
0.183541
-1.77228
-2.1248
1.89052
1.40669
1.4853
1.78589
-0.00652236
-1.77247
-1.43294
-1.23242
-1.74676
-0.619557
-2.62239
-0.910289
-2.35622
-0.791206
-1.26676
-0.348564
-1.91231
-1.84003
-1.16078
-1.51267
-1.05935
-1.15578
1.78959
-0.541075
-2.68959
-0.983831
-0.674631
1.87794
1.80903
-1.45177
-0.229623
-1.42623
1.54365
-1.04308
-0.131976
-2.26412
-2.16956
-1.99025
-1.27877
-2.52802
1.97771
-1.00468
-1.17411
-2.04664
-2.80682
-1.29477
-2.5117
-0.691136
-1.53753
-2.49754
-1.24392
-2.13152
-2.39976
-1.54868
-0.839092
1.16301
-1.70015
-2.81903
-1.10502
-1.0517
0.287806
1.72112
0.643922
-1.82883
0.363342
-1.43921
1.09314
-0.936393
1.52434
1.80092
-0.929017
2.17976
-1.34719
-1.30708
-2.27154
0.974719
-0.273658
-0.0958208
2.10806
1.12059
-0.903893
-0.715773
-0.674071
-1.34476
1.23895
1.59093
-0.604597
-2.90594
-2.72217
-1.49342
0.719529
0.706627
-1.07609
-1.79959
-0.981644
-1.21764
-2.53606
-2.58025
-0.617013
0.489235
-1.92847
-2.44427
-2.67898
-2.40754
-2.42771
-1.05823
1.42998
-2.20683
0.515125
-2.93221
-1.77631
-1.22339
-1.61946
2.01978
-1.16348
-2.5154
-2.18542
-0.248415
-1.69714
-1.54712
-1.78714
-1.71598
0.883826
-2.42664
-2.87867
0.194105
-0.716835
-0.42
1.51688
1.53168
-2.15702
-0.337752
1.34434
-0.184837
-1.79753
0.703072
-0.592402
-2.24372
1.77884
1.30285
-1.72911
-0.0930837
-2.71326
1.89914
1.54741
-1.27987
1.49465
-0.985095
-2.02127
0.403422
-1.0001
-1.43534
1.14591
-2.2607
-2.36448
-1.47063
-0.2062
-0.890824
-0.322331
-1.55437
-1.06885
-0.941458
1.17521
-1.99105
1.56445
-2.53961
-0.457004
-0.442005
-2.09176
1.88319
-0.802304
1.8634
-1.75831
-2.0866
-1.06315
-2.47461
2.0011
-2.01505
-1.30681
0.813258
-1.32982
-1.73837
-2.92528
-1.94307
-1.98885
-0.661049
-1.96723
-2.96502
-2.11502
-0.111533
-2.2141
-1.7976
0.497906
1.3146
-1.57665
1.3411
-2.04818
-0.838462
-2.71895
-1.04806
-0.723443
-1.53155
-1.76927
-1.46373
-0.756153
-1.1424
-2.84948
-1.27184
-0.998643
-2.86395
-1.88577
-2.73723
-1.58517
-2.391
-0.818802
-1.4746
-1.53628
-0.0143751
-1.57804
-1.9788
-1.1417
1.58295
-1.2802
-2.8674
-0.703059
-0.310342
1.16725
-2.81113
-1.6817
1.54184
0.652453
1.83825
-2.28239
-2.44851
-2.11438
-0.478806
-1.45243
1.88697
-0.77171
-1.83375
2.04433
-0.930292
-2.23075
0.220137
-1.71131
-2.51827
-0.484826
0.964785
-1.69444
-2.35697
-1.68534
-2.40567
-2.26774
-1.34585
-0.303871
-0.799773
-1.12495
-2.09988
-2.77942
-2.55732
-0.129319
-2.49853
-1.89332
-1.66625
1.22039
2.08608
-1.84502
1.9322
-2.71081
-1.58293
-0.128565
-2.0255
-2.19747
1.47469
-2.47993
-1.82409
-2.87511
1.09248
-1.87284
-2.36771
-0.0475287
-0.523305
1.20438
-1.66026
-1.99617
-0.0273271
-2.41669
1.8548
-2.73853
-1.96318
-2.5222
-2.91029
-2.75146
-1.96502
-2.90851
-2.85922
-1.44265
-1.43412
-2.63654
-2.74189
-1.35832
-0.270638
-1.94622
-0.589243
-2.16219
-1.35797
1.65211
1.06869
-0.899704
0.796934
-2.08607
-2.75416
-2.40096
-1.4387
1.5205
1.49311
-1.255
0.1089
-2.40243
-2.45266
0.488707
-2.19625
0.999571
1.02295
2.04299
-0.72379
-2.54618
-0.958038
-1.63446
-2.24848
-2.70402
-2.50832
-0.199634
2.03204
-2.41038
1.47794
-2.0739
-1.80822
-2.20267
-1.57845
1.02261
1.3869
1.05802
-1.23693
-2.56424
-1.93182
1.64436
1.47799
0.601826
-1.94029
-2.12252
1.57918
-1.48242
-2.05938
-2.06236
1.24821
2.04836
-1.94881
-1.7901
-0.321425
1.40676
-2.09101
-2.49314
-0.965782
-1.6216
-2.06235
-0.685917
1.32636
-2.56251
1.46235
-1.74791
-2.98237
1.31131
0.885239
-0.0333106
1.72455
-0.799752
-2.32543
1.42141
-0.987871
-1.40879
-1.13474
-2.19716
-1.42918
-0.518843
-1.29316
-2.30484
-1.87761
-1.4084
-1.36204
-0.912722
-0.276029
1.95755
-0.393531
0.927676
-0.614715
0.271434
0.818567
-0.714352
-1.74363
-2.33208
-1.29871
-1.08996
-1.58434
-1.9277
1.84955
-1.47841
-1.72621
1.72901
-1.50899
1.04553
1.42832
-2.33267
-2.08051
-0.515835
1.82152
-0.318022
-2.06991
-0.933411
-1.57203
-2.25486
1.31028
1.33209
-0.947275
-2.21082
1.36055
-2.45562
-2.16619
-0.0348171
-1.11974
-0.170397
-1.36686
-1.41764
1.53415
-1.75704
-2.39276
-2.10046
-0.929001
-2.91999
-1.47547
0.485301
-0.555021
-2.65279
-2.01407
-2.06537
1.18137
-2.31931
-2.52389
-2.56013
-2.51119
0.512968
-1.83668
-1.8518
-0.264056
-1.48866
-2.349
-2.08917
1.38136
1.91495
1.45741
-1.19532
-2.22278
-2.86487
-1.94395
-2.23446
0.501888
-1.62807
-2.57559
-0.807217
-0.965691
-2.71234
-2.83214
1.93672
1.08572
-0.37642
-2.22
-1.16451
-2.35276
-1.83498
-2.79475
-2.17439
0.496367
-2.89649
-2.38797
-2.99135
0.495927
-1.29486
-2.40803
1.44234
-2.09373
0.130792
-2.161
1.17437
-1.28817
1.43794
-0.698924
-1.05034
-1.53053
-1.86403
-1.83266
0.323657
-1.42134
-0.846795
1.34613
1.56894
-0.572266
-1.85365
1.61172
-1.37913
-0.937401
1.63854
-0.831719
-2.20666
-2.54184
-2.873
-1.73491
-1.02828
-2.14215
-2.61006
-2.53911
-1.7876
-1.62083
-1.91541
-2.17571
-2.5403
-0.64537
1.63303
1.33819
-1.57822
-0.0708075
-1.36609
0.00279688
0.598885
-0.241013
-1.17344
-1.67663
2.09072
-0.897977
2.10765
-1.1139
0.890415
-0.992217
-0.9701
1.81696
-1.87028
1.00936
0.517257
-0.251097
-2.81716
-1.53512
-2.52463
0.898853
-0.478103
-2.17164
-1.23585
-2.4756
1.48622
1.42416
-0.741359
-1.6946
0.278747
-0.993893
-0.539025
-1.16702
-0.0781542
1.67802
-2.54115
-2.0305
-1.46303
-0.683588
-2.89938
0.591735
-2.69518
-1.71936
-1.95076
-1.58442
-0.47736
-1.85673
-1.41769
-2.68606
-1.2101
0.0606971
-1.41181
-2.85833
-1.73514
-1.76972
-0.687877
-1.73034
-2.43194
-1.23144
-0.79892
-2.80239
-2.42626
1.85752
-1.18808
-1.0718
0.800034
-1.68441
1.60877
-1.7406
-1.7777
2.0326
-0.850563
-2.8852
2.07022
-2.67247
-1.00004
1.37921
-0.937732
1.17186
-0.723531
-1.4395
-1.54186
-0.199856
-0.217882
0.744095
1.95139
-1.76123
-2.07662
0.600237
-1.61229
-0.8949
-2.8739
-0.659487
-1.18722
-1.46252
-1.93319
-0.239261
-1.38813
-1.33625
-0.483165
-2.40729
0.828475
-2.98998
-2.71577
-2.71906
1.39796
1.86253
-0.596355
-2.64356
1.0664
-2.60913
-2.22165
-2.42235
-1.4709
-2.30729
1.00409
-2.23066
-1.8356
-1.56667
-2.04451
1.2219
-1.46171
0.709436
-0.250654
-0.474295
-1.61332
1.71839
0.34272
0.216132
0.548238
-2.79797
-2.81655
-1.40438
1.04284
-0.956236
1.1122
-1.89858
-1.22399
-1.42978
-0.451701
0.0969008
1.77592
-1.16829
0.217129
-0.611465
0.978361
1.32343
1.52983
-2.44307
-1.50472
-1.18465
1.00469
-1.59353
-1.34296
-2.2232
1.34755
0.870762
-1.17692
1.96365
1.175
-1.72808
-0.127943
-0.165919
1.67398
-1.33265
-2.25949
-1.48888
1.33502
-2.66045
-2.38565
-0.993817
-2.54004
-0.459585
-0.533963
0.816114
-0.677804
-1.71084
-1.43022
1.56623
-1.11205
-0.982632
-1.39625
1.86896
-0.912381
-2.14531
-1.35663
0.598768
0.0293068
-0.830149
-0.504855
1.89388
-2.82314
-2.39815
-0.464973
-0.793763
-2.14246
-1.0343
-2.52166
1.47585
-1.49351
-0.0880109
-1.1711
1.97534
-0.802109
1.12785
1.24387
-1.79988
-0.820462
-2.29147
-1.04685
-2.37624
1.91476
1.47887
1.60104
-0.0718154
-1.94871
1.33051
0.356616
1.30151
0.863809
-2.387
-1.23077
1.51934
-0.395755
-1.26175
1.78031
1.39543
-1.85187
1.82778
-1.53168
-1.45958
-2.82004
-2.67524
0.25251
1.09175
1.58341
-0.99184
-1.2765
-0.994128
-1.32132
-2.07078
-1.13814
-2.82877
-1.04421
-2.29026
-1.70323
-0.860138
1.00194
0.984484
-1.4482
-0.848944
0.689704
-2.77433
-2.60781
-1.23688
0.522818
-1.92228
-2.51106
0.455888
-0.0880954
-2.46799
-0.809839
-0.127515
0.24533
-0.883098
-1.78262
-1.45949
-2.2305
0.90935
-0.742794
0.770652
-2.10553
0.661727
0.755101
0.2056
0.512143
-2.10044
1.40514
-0.611037
-2.44259
-0.549973
-1.72206
-0.508274
-2.52743
-2.98008
-0.206251
-1.99225
-0.85686
-1.01209
-2.71546
-0.880669
2.00364
0.969328
-2.54927
-0.751869
-1.87749
-2.25805
1.87063
-0.845649
-2.60433
-2.85911
-0.406624
-1.29173
-0.0142219
-1.60791
-1.40871
0.336739
-0.246711
-2.33646
-1.81176
-1.68347
-1.21449
-1.90636
-0.87556
-1.01364
1.40842
-1.2093
-0.726246
-2.37188
-2.13333
1.52524
-1.21231
1.83783
1.1744
-2.05956
-2.19707
-1.63152
0.465312
1.28156
1.75595
-1.66118
0.546692
1.03674
-2.97674
-2.33358
-2.48717
1.07343
-2.85243
0.851489
-1.82503
0.79481
-2.14125
-2.25653
-1.59638
-2.62068
-1.10899
0.959561
-0.89836
-2.75174
-0.858737
2.03216
-1.12879
-0.0697936
0.349024
-1.6683
-0.529501
-2.13278
-1.02995
-0.889759
-1.03431
1.21255
-0.429757
-2.59719
0.075494
-2.79556
0.617819
-1.88075
-1.07139
-2.3738
1.15209
-2.33791
-2.53432
2.03654
-0.774927
-1.02984
2.09117
-1.593
-2.60843
-2.16864
1.35523
-2.37829
-0.370098
1.28804
-1.75649
-1.2985
-0.909836
0.858297
-2.84169
1.50465
-0.0879838
-0.229329
-1.79144
-2.33996
-1.68131
-1.45814
-1.31187
-1.56115
-1.73087
-2.5326
-0.199293
-0.130238
1.91421
0.879042
0.476786
0.0142832
-0.756882
1.64083
-2.63594
1.5521
-0.246238
-2.42446
-2.38701
-0.142554
1.43577
-2.17477
-1.33187
0.110373
1.44271
1.17142
-1.97431
-2.10117
-0.208972
-0.43453
1.7344
-0.800538
-1.62804
1.91259
-2.57419
0.0538962
-1.23262
-0.0631521
-0.649466
1.409
-1.65141
-0.730869
-2.16342
-1.64361
-1.16041
-1.12546
1.63921
-1.54237
-2.75778
1.76023
-1.03723
0.158863
-1.6565
0.515498
-1.28163
-2.12226
-2.15665
-2.75102
-1.98436
1.62166
1.69224
1.95552
-1.85877
-2.34683
-1.58906
-1.63918
-0.312891
1.43504
-2.08058
-0.316855
-0.717457
-2.56756
-1.28164
-1.87251
-2.59875
-2.2983
0.560583
-2.07359
-2.25396
0.427595
-2.90043
-1.8928
0.726079
-2.89477
0.591325
-0.686219
2.09559
0.218383
-2.69579
-1.93255
-2.46991
-1.90093
-2.69464
1.53701
1.52826
-0.500795
-2.47641
-2.11827
-2.67559
-1.2613
1.813
-2.58827
-1.01119
-1.60523
-2.66737
-2.45257
-1.77693
1.02401
-1.50859
-0.0583059
1.18263
0.992438
-2.3761
-2.33212
1.01772
-1.43607
-2.32108
0.0519289
1.76527
1.07199
1.61484
-1.335
-1.21834
-1.4713
-0.501189
2.0807
2.00661
-2.48121
-2.81635
-0.0999492
-1.81918
1.10275
0.84786
0.297689
1.05441
-1.8872
0.0135269
-2.51435
-2.57346
-1.68997
-1.56805
-0.716794
0.640393
-0.515791
-1.25099
1.24522
-0.126245
-2.1808
-2.60541
1.36462
1.71119
1.5851
-2.80322
-1.57629
-1.39325
-0.262648
-1.06508
-2.73838
-2.12665
-2.25408
-1.77293
0.339375
-2.42081
-2.46108
0.920443
-1.67409
0.528559
-1.38425
-0.690113
-2.36444
0.0740314
-0.640277
-1.37066
-1.13833
-0.995439
2.14028
-1.53375
1.06088
2.16866
-2.41078
2.04973
-0.434408
1.12704
1.32656
-0.215391
-0.921615
1.39165
-0.636637
-1.94819
-0.33662
-1.60323
-2.52447
0.936624
-1.73478
-1.60649
1.44769
-0.7383
-2.62671
-2.39722
-1.75598
-2.74829
-1.60974
1.1803
1.26474
0.516837
-2.47212
-1.56437
-0.46215
-0.876167
-2.15063
-2.98583
-0.538612
-2.82166
-2.46185
1.06802
-2.75264
-2.73803
-2.48574
-1.83858
-1.4767
-1.9997
-1.61586
-2.00634
1.93035
-1.94029
-1.62943
1.7617
-1.81318
-1.12378
1.72094
0.531989
-2.51774
0.0795166
-0.451301
-1.26012
1.48694
1.29374
-1.36747
0.261099
0.832009
-2.66889
-2.77819
-2.40745
-1.58268
-0.864175
-2.24658
1.77191
2.11301
0.205786
-0.970215
-0.940091
-2.97162
1.64714
0.924564
-2.35701
-1.82828
-2.30415
-1.98661
-2.32231
-1.13187
0.0794302
-0.914292
1.38413
-2.18375
-2.30161
-2.58256
-2.26464
-1.10231
-1.90569
-1.20732
-1.3547
-1.43175
-0.338393
-1.88006
-0.026216
-1.49913
-1.54429
-1.88189
-1.64131
-2.27676
-1.68803
-1.53081
-2.24342
1.07158
-0.945021
1.24498
-2.67429
-2.02052
-0.822768
0.864605
-2.78374
0.743092
1.66323
-0.762057
0.0759507
-1.98428
1.40244
-2.70428
-2.75922
-1.41283
-1.04696
-1.97507
-1.79705
1.24956
-2.12533
1.2373
-0.740575
-2.41911
1.47237
-0.233966
0.728229
-2.12264
2.06012
-2.24613
-2.47623
1.2147
-2.32186
-0.271165
-0.918864
-1.59899
-1.48233
1.98302
-2.09137
-0.820854
-2.8632
1.30032
-1.15282
-2.93954
-1.72517
-2.02932
-1.24546
-1.13945
-0.868063
-2.40387
1.01867
-0.640472
-1.31442
-1.99472
-1.44774
-1.01983
-1.35701
-0.208817
0.941552
-0.690797
-2.18808
-0.820635
2.00197
-0.777945
-2.75394
0.781145
-2.09519
-2.05687
0.692572
-1.8403
-0.56755
-2.69469
-1.59046
1.60008
-0.811353
-0.300285
-1.34376
-0.681361
-0.902621
-2.43354
-1.35658
-2.51919
-2.67844
-1.93891
1.92389
-2.02219
-1.17768
-2.81526
-2.45402
-1.6329
-0.093027
-0.743934
1.86991
2.16649
-2.66725
-1.14397
0.794043
0.89074
0.913033
-1.96836
1.24578
-2.35505
-2.14328
-1.10283
-0.726799
0.614722
-2.63447
0.476392
-2.05089
1.99698
-2.86806
-1.83854
-0.366176
0.49657
-0.895117
-1.96546
-1.04678
-1.15895
-0.767423
-1.46735
1.4013
-2.38307
-0.550801
-2.15845
1.82199
-1.44255
-2.34733
1.66517
-2.20628
-2.20267
-2.01522
-1.51298
-1.38604
0.236412
-2.17663
-2.12051
0.925651
-2.87649
-1.98125
1.4541
-0.73702
-1.31515
1.14786
1.54531
-2.45721
-2.87912
-2.24756
-2.00892
-1.15742
-2.69843
-2.95222
1.74875
-0.950113
-2.56789
-0.839429
0.273819
0.521089
-1.9936
-1.0348
1.15012
-2.57061
1.111
-0.129449
-2.00428
-0.751563
-0.414466
-1.73853
-1.62299
-0.637947
1.35588
0.466575
-1.33071
-1.83981
-2.04003
0.759831
-2.19906
-2.32483
0.0866114
-1.30703
2.10477
0.615793
-2.78538
-2.481
-0.878821
-1.46034
-1.72696
-2.34658
-2.47418
-2.4126
-2.62827
-2.36974
1.26824
0.856508
-2.97632
-2.0133
1.83635
1.87038
-1.08704
-0.895498
1.85763
-0.43441
-0.431962
-1.03887
-0.776917
-1.62571
1.09259
0.20489
-2.92886
1.95308
-1.61733
-0.309713
0.92036
0.409804
-0.866213
-2.15216
1.8844
-1.30268
-1.22045
-1.98514
-1.33805
-1.82346
-2.02933
-2.45777
-2.18458
-2.24697
1.80695
-2.69119
-1.92841
-1.90053
-2.89889
-2.40774
-1.76558
0.372924
-2.8931
-0.572722
-2.18743
-1.91168
-2.78527
-0.797273
-1.50844
1.94181
0.464307
1.87967
-1.45638
1.23709
2.13766
-1.69288
0.230488
1.6232
-1.06888
-0.58026
-2.38254
0.425804
-0.66763
1.32751
-2.85261
-1.57172
-1.5548
-0.749586
-1.79779
-1.6856
0.857339
-2.2128
-2.0739
-2.33005
-1.15541
1.9441
-1.69402
-2.04317
-1.62541
-2.53232
-1.76419
1.5315
0.833077
-1.80258
2.0009
-2.02653
2.121
-0.488802
-1.32109
-1.66539
-0.78778
-2.30379
1.79391
-1.10451
-2.14748
-2.19832
1.45845
-2.44806
-0.0161076
-1.76796
-0.870507
0.47068
-2.19291
-0.638041
-0.130314
-2.03401
0.568607
-2.38752
-2.74386
-2.67681
-2.3514
0.176236
-2.20167
-0.305279
-1.92456
-1.36299
-1.25674
-0.869738
1.35312
-2.5132
-2.22166
-1.60548
-2.30058
2.07891
-2.71127
-2.18643
-2.40794
-2.31247
-1.17166
-1.1219
-1.88038
-0.533295
1.2278
0.348175
-1.58684
-1.19233
-0.800534
1.45147
-2.21234
-2.58048
1.04002
-1.83639
1.85154
1.47868
-2.01267
-1.67913
-1.65008
-2.04972
-1.39975
0.352211
-0.718723
-2.79124
-0.813523
-1.97196
-2.22921
-2.6552
-0.844204
-0.368948
1.11712
-0.723761
-2.62891
-2.41917
1.09463
-1.07125
-1.69297
-1.0149
-1.4786
-0.731778
0.425021
1.62217
-1.4856
-1.36146
0.46367
-2.84787
-1.79736
-1.41473
-0.593308
-2.36689
-0.603178
-0.817214
-2.37052
-1.96344
1.61932
-2.44972
-1.68859
1.72201
-1.44944
-1.35924
-2.38492
-2.35982
-2.23003
-1.95564
-2.89653
-0.927966
-2.60224
-2.09641
-1.25949
-1.62476
-2.37229
-1.39546
1.31025
-2.45442
-2.21745
-1.69201
-2.53152
-1.28132
-2.78396
-2.33318
-1.22035
0.902188
0.340101
-0.668253
-0.0598268
-0.183089
1.7122
-1.2646
-2.62465
-2.40145
-1.34965
-1.37729
-2.34124
-1.77939
-0.675015
-0.634076
-0.532822
-1.79031
-0.985936
-1.90572
1.85527
-0.965996
-1.44347
-2.1917
-1.93956
-2.35085
-2.75475
1.00639
1.76863
-2.38362
1.58646
-1.9449
-2.78406
-2.11151
-1.7504
0.235668
-1.68272
-2.90979
2.02053
1.52744
-0.561909
-1.87802
-2.30224
1.57957
-1.79193
-1.41842
-1.88188
-2.8158
-2.25525
-2.46534
-1.21115
2.14997
-2.37885
-1.30223
0.628622
0.048707
-1.18108
-1.05544
-0.409304
-2.08067
-2.36237
-2.51918
1.29301
-2.26001
1.216
-0.967886
-0.139173
-0.0122857
-1.29906
-0.181306
-0.968683
-1.51255
1.1297
-1.16192
-1.68235
0.187902
-0.761907
1.04325
-1.35312
-1.93625
-0.769357
-1.26771
0.792665
-1.15967
-2.50179
1.40292
-1.84911
-2.23999
-1.82993
0.565259
-2.58799
-1.50625
-1.51682
-2.77284
1.38283
1.19302
-2.56695
-1.09444
1.63517
-1.94883
-0.376842
-1.50631
-0.5859
-0.359372
1.41778
1.38732
1.96603
0.288648
-2.66988
-2.86825
-2.50133
-1.73935
-2.07379
1.17155
-2.60716
-1.17622
-2.63406
-0.302567
-2.92065
-0.915026
0.390501
-2.40128
-1.24938
-1.60239
-1.53687
0.762757
-0.768456
-2.06642
1.96789
0.633486
-1.90857
-1.4716
-2.87073
-0.0646912
-2.14954
-1.32995
-0.268525
2.03994
1.60081
-1.73615
1.11949
-0.857668
-0.511196
-0.832115
-0.504034
-0.634557
-2.81993
-1.53765
-1.95478
-2.74338
2.09561
-2.43331
-2.02628
-1.61841
-2.50072
1.02781
1.24442
-2.79604
-2.13781
-2.71183
-0.562382
2.06667
-1.04799
-0.28121
-0.871663
1.07805
-1.07395
-0.435962
0.642784
-0.78786
-2.11806
-2.67633
-1.5353
1.40625
-2.796
-2.30367
-1.74289
-1.5933
-1.90851
-1.25571
1.54847
-1.73883
-0.23343
-1.41204
-2.75663
-1.82079
-1.79157
-0.389157
-0.475306
-0.0240039
2.10679
-1.3813
-1.18099
-1.80539
-1.20619
-0.382512
-0.771587
-1.39814
2.14991
-2.81047
-2.5416
0.00273896
0.559419
-2.02858
-2.20241
-1.57146
-1.1247
-0.928974
0.845513
1.90806
-1.48291
-2.85521
1.81645
-0.0445182
-2.72316
-1.54716
-1.5059
-2.46363
-2.08718
-2.80739
-2.42087
-2.01801
1.92578
0.871393
1.58159
-2.83126
0.0746873
-0.417242
-1.08773
0.136119
-0.491727
-2.90352
0.910153
-0.71011
0.21293
1.36053
-2.74448
-2.69937
-0.595162
1.14795
1.173
0.241486
-0.301937
-2.10829
-1.80296
-1.38852
-2.12215
-1.11582
-1.06391
-2.4136
-1.02384
1.44022
1.92606
-2.43749
-2.548
1.89865
1.89691
-1.19468
-0.916053
-2.50801
1.40074
-2.00673
-0.788674
-0.331044
-1.79365
-2.83698
-2.28659
-2.3354
-2.1079
1.77267
-1.58183
-2.61821
0.0231614
-2.67402
-2.08117
-2.13534
-1.96719
-0.582732
1.86207
-1.80459
-2.45725
-1.59912
-1.03523
-1.71288
-1.69973
-1.15662
-1.76993
-2.26011
-2.23292
-2.35364
-2.37203
-1.25079
-2.16588
-0.236418
-1.29791
1.10945
-1.19269
-1.10248
-1.57661
-1.26212
1.90354
-0.971627
0.238502
-0.682908
-1.29611
0.76345
-1.03995
-2.82467
1.76998
-2.57795
1.38537
-0.978489
1.35131
-0.983477
-2.13776
-2.71475
0.378915
-1.30562
-1.78492
-2.35872
-1.83024
-1.07032
-2.73537
-2.16284
-0.107507
1.33347
0.0175858
2.04909
-0.748956
1.54364
-0.464263
2.15208
-2.30528
0.942475
-2.88801
-1.20525
-1.75922
-2.16964
-1.72326
-0.0349123
0.17871
-1.61597
-1.4379
-1.91337
-2.53858
-2.18053
-0.852971
-2.25588
-2.64001
-1.55451
-2.01759
-2.48625
-1.75777
-2.13933
-1.30565
-2.53283
-0.0972724
-1.20195
-1.59939
-1.26769
1.67098
-0.680474
-2.05422
-2.85071
-0.169636
-2.48779
1.73456
-1.61851
-2.67711
-2.71988
1.67702
-1.39464
-2.27679
1.84769
1.80113
-2.86832
1.50295
-2.42492
-2.05694
-0.220846
-0.141037
0.0708485
-2.89067
1.1963
-2.91166
-0.0887001
-1.10205
-2.06384
-2.10462
-2.56342
-1.12085
-0.123473
0.0341797
-2.61758
-2.25754
-1.75728
1.24887
-0.706862
0.395148
-1.94992
-1.16232
0.500088
-1.92972
0.0558385
-1.9237
-1.42411
-0.408984
-2.25775
0.96
-1.61342
-1.03765
-1.90578
-2.12942
1.94763
-1.90252
-2.27639
-2.48629
1.28025
-2.52087
1.86498
-1.76769
0.202873
-0.746663
-2.70494
-0.558362
1.12154
-2.37063
1.61269
-1.24725
-1.53528
-2.34081
-1.17034
0.894704
-0.442945
-1.31973
-1.55162
-2.57856
-1.50707
1.61711
-1.52075
-2.67151
-1.41024
-2.94474
-1.79115
-1.42141
-1.77953
-2.05986
0.960544
-1.08231
-1.98105
1.3631
-1.5543
-1.31988
-2.30774
-1.16105
-0.773866
-1.71761
-0.212994
-0.574001
1.36553
-2.16685
1.43261
-1.37916
-0.93035
-1.50283
-1.39432
0.463779
-2.61036
-2.7193
-0.97097
-1.62811
0.15123
-0.55253
-1.38106
-2.64052
-1.11389
-0.932731
-2.22876
-0.764727
-0.693974
-1.50834
-2.7642
-2.66571
-0.515054
-1.32166
-1.73477
-1.69984
-0.55172
-1.18466
-1.77647
-1.20423
0.996032
-1.9621
-2.61274
-2.66808
2.08187
-0.86493
-1.23385
-1.46698
-0.226765
1.58718
-1.87571
-2.14026
0.0254497
1.19951
-2.13936
-0.108844
-0.674512
-2.27571
1.91027
-2.52916
0.684781
-2.71852
0.183031
-2.02829
-2.52951
-1.5686
-1.71166
-1.39873
0.577334
-0.0558346
-0.644929
-1.98917
-2.47712
-0.79001
-0.74976
0.0685558
-2.53346
-0.426415
-0.779546
-2.22162
-1.55743
2.02902
-2.16898
-1.73262
0.786302
-1.50426
0.975754
0.875419
-1.39108
-1.88794
-0.457418
0.346904
-2.00254
1.17971
-1.88379
-1.47026
-0.95153
-2.11318
0.708964
-0.99623
-2.35414
-2.01516
1.42904
-0.202184
-1.1142
-2.19672
-1.86447
-0.633702
-2.05291
1.01965
-1.40341
-0.227667
0.121768
-0.368595
-2.78746
-2.54906
-0.66253
-1.73895
0.19037
-2.49483
-2.0042
-1.43747
0.34765
-0.860517
-1.63829
1.02517
2.19188
-1.54393
-2.52742
-1.93669
-1.47748
-0.119166
-2.53275
-2.15229
-1.49806
-2.00977
1.88833
-1.33713
-2.21679
1.75523
-0.790131
-1.99823
-2.28586
-1.84318
-2.34384
-1.53294
-1.39342
-1.64745
1.44558
0.454326
0.522827
1.44611
-2.87948
-1.30693
1.31964
-1.17344
-2.42124
-0.677694
-2.28621
-0.345944
-1.8526
-2.62788
-1.30566
-1.82214
-1.60851
-0.0871306
-2.53434
0.194308
-0.958327
-1.95277
1.6988
-2.03534
-2.10304
-2.48807
-0.654738
-2.15667
-1.14239
-0.811188
-0.673339
-1.56838
-0.288757
-0.509651
-0.0451446
-1.87753
-2.65809
-0.700588
-0.894221
-0.771818
-1.54221
-1.00819
-1.55839
0.83879
-2.25544
-1.33114
-0.0696389
-0.60874
-1.73734
-1.54086
-2.05234
-2.68571
-2.7255
-0.379519
-2.79636
0.874728
-2.58163
-2.63894
-2.53666
-2.66544
1.21899
-1.58084
-2.56344
-2.58218
-2.37307
1.6003
-1.37182
-1.21711
-0.461707
0.531247
-1.99779
-1.58001
-1.71387
1.8228
1.63901
-0.646884
-1.25572
0.520447
-0.767267
-2.45864
0.790783
-0.455749
-1.78121
1.2051
-2.11872
-0.501571
1.27967
-1.22412
-1.99628
-2.54281
-0.561001
-1.30311
-0.623433
-1.84044
0.630659
-0.50207
-2.41252
-1.77984
2.09312
-0.403055
-2.77755
-2.31012
-1.19276
1.94739
-1.7362
-2.72686
-2.28273
-2.80681
0.525527
-1.66126
-1.43232
-2.44663
0.140303
-1.9882
-2.05812
-2.17891
-0.696363
1.36417
-2.60726
-0.183266
-0.675576
-1.63231
-2.22624
-1.18292
1.15135
-1.84399
-0.940013
0.33939
-2.74226
-1.66924
-2.87123
-1.70345
-2.87343
-0.0822029
-2.72692
2.16171
-1.15116
0.206337
-1.64655
-1.60755
-1.29468
-2.16596
1.11411
-2.51099
-1.28443
-1.01816
-1.72815
-0.243127
-0.654915
-2.25917
-2.60909
-2.85074
-2.67957
2.11624
1.14997
-1.71692
-2.4455
-1.30152
-1.17894
-2.00712
-0.651618
-0.795046
-0.272937
-1.01001
-0.0259375
-2.29729
-0.674061
-0.567116
1.94856
-2.33374
1.38271
0.694832
-0.397519
-1.1286
-2.07263
-2.14207
-1.63494
-2.02691
-1.09875
-1.20494
-1.01362
1.2218
-1.57002
-1.88615
1.10063
1.17894
-1.93707
-0.169905
1.06233
1.32565
0.73287
-0.549937
-2.18434
0.525371
-1.94387
1.73993
-1.10924
-1.6946
-2.13011
1.8371
-2.30354
-2.07632
0.979161
-1.50225
-0.687506
-2.69544
-1.94653
-1.1599
-1.18934
-1.5006
-2.3404
-1.83983
1.82287
1.46184
0.663179
-1.97418
-2.3008
1.56074
-1.30282
-2.00676
-2.21969
-2.12817
1.64928
-2.39019
-1.71074
-1.74147
-2.39612
-0.804464
-1.46872
-2.20153
-0.943618
1.59274
-2.4897
1.2138
-1.56872
-1.72943
0.824233
-2.74922
-0.95509
1.45706
-0.440381
-2.37237
-1.58616
-1.11154
-1.24281
1.77386
-1.81496
-1.91859
-2.31922
2.01613
-2.12116
-2.52686
-2.52471
-0.739283
-2.57655
0.959965
1.71914
1.1649
-2.04942
-1.98092
-2.43766
-1.92427
1.25712
-0.790025
-2.97854
0.700798
-2.45341
1.38105
1.78681
-2.0472
-0.821032
-0.092146
-2.48511
-0.107807
-1.87448
-2.62407
-2.98493
-2.86151
-0.627986
-0.820025
-1.10828
-1.94502
-1.96955
0.887128
-2.15084
-2.22158
-1.96104
-1.57331
-1.8607
-0.969893
1.32857
-1.39747
-1.51597
-0.957522
-1.28503
-2.27198
1.23355
-1.77833
-2.10908
-2.32668
-2.08181
-2.42356
-2.42251
-1.89657
-1.51485
-2.19766
-2.8949
-2.62093
-2.8229
-1.62081
1.87278
-2.51742
1.64077
-2.79048
-2.78293
-1.04408
0.603416
-2.83849
-2.03977
-0.260867
-2.27519
-1.61328
1.32993
1.70651
-1.57295
-1.90495
-1.78457
-1.62971
1.25015
-0.860749
1.4563
-0.469413
-1.06985
-1.81364
1.431
-1.83698
-2.90685
-2.76556
-2.22241
1.16213
-1.49009
-1.55771
0.539551
1.9332
-2.14366
1.1668
-1.47805
-0.922435
-2.7749
-0.922355
-1.74023
-0.740813
-2.09662
-1.7739
-1.5724
-1.69396
-2.74534
-1.89818
-2.10712
-2.70292
-1.00971
0.303055
-2.39053
-1.95559
-2.38729
-0.809526
0.944838
-1.02056
-2.31009
-2.12756
-2.07656
-1.60709
0.00736459
-0.706405
-2.32036
-0.017684
-2.80333
1.84275
-1.46896
-1.82531
-2.44056
-1.46236
1.46586
-1.35051
-2.92561
-2.73165
-0.154128
-1.87137
-0.569298
-0.246127
0.386485
-0.521891
-1.41326
-1.20479
-0.0600098
-0.460293
1.51559
1.25064
-1.10712
-2.13821
-2.91189
-1.65045
0.212243
2.03908
1.96529
-2.91858
-2.34246
-1.927
1.62785
1.78956
-2.05593
-0.166044
0.0442579
-1.89518
1.65804
-0.20868
-1.71167
-1.25656
-1.88175
-2.3856
-1.71227
-2.39806
-2.14577
-2.67867
-0.793763
0.112935
2.13289
-0.746335
-1.42563
-2.03451
1.44297
-2.47952
-2.62457
-1.0984
0.439345
-1.67079
-2.80937
-2.23335
-1.84366
-1.0891
-1.38416
1.37493
-1.36769
1.90027
-1.09598
-1.82953
-2.30822
-2.41854
-1.77891
-2.57547
0.966708
-1.82961
1.36386
-2.37645
-2.0936
-0.813898
-1.71703
1.61031
-0.0635748
-2.60742
-2.62039
-2.11657
-0.189844
-1.54002
0.624051
-0.702202
0.0957576
-1.67094
-1.03247
-2.49777
-1.52826
-2.04953
1.05532
1.26391
2.0396
-2.48667
-1.01286
0.582249
-2.94722
1.34075
-2.38186
0.413915
-0.192596
1.80483
-1.25173
-2.47069
-2.42349
-1.0647
1.72517
1.41068
-2.1161
-1.4437
1.49957
-1.81302
-2.73287
-1.28441
1.6663
0.284158
-2.75048
-2.21863
1.54306
-2.23129
-1.72392
-2.90869
1.25543
-1.6097
-1.61595
1.32473
-2.3098
2.09754
-2.09996
-1.92458
-0.313829
-1.42698
-1.97847
-1.64417
1.22568
2.13182
-2.82852
0.308559
-0.267418
-0.938996
-0.585123
-2.24693
2.13405
1.57859
-1.10241
-1.61826
-2.40096
-0.687931
-2.30044
-1.91494
2.03104
-2.31156
-1.90331
-2.48708
1.85155
-1.31518
0.923035
-1.50555
1.57776
0.983382
1.21631
-1.64924
1.68069
-2.34877
-0.897367
-0.817418
-1.53235
-2.83697
-1.85435
-0.655766
-1.54927
-1.08069
-2.21411
-1.74521
-0.95661
-1.38648
-2.60217
-2.1855
-2.19864
-0.443358
-1.59274
-0.146788
-0.572161
-2.34398
-1.7128
-2.11752
-2.0045
-2.69205
-0.766923
-1.9559
-2.67923
-2.71716
-1.03891
-2.76995
0.0177048
-0.976759
-1.0965
-1.48312
-1.20566
0.196501
-2.12166
-0.55437
0.487355
-2.84261
-2.12153
-0.867252
-1.29655
1.36214
-2.15589
-2.64625
0.964444
0.301573
-0.867713
-1.76834
-2.53094
-1.21809
-1.97809
-2.43183
-1.76495
-1.32699
-1.60746
-2.67724
-2.27777
-2.37576
-0.307106
-0.247259
-1.46156
-1.11566
-1.55972
-0.313043
-1.8257
0.832128
-1.09956
0.55257
-1.36773
-1.42381
-1.35781
0.017605
-1.54071
-2.56055
-0.229319
2.14057
0.421975
-2.6214
-1.57171
-2.20939
-2.14762
-2.88733
0.0503609
1.57177
1.89244
-2.25597
-1.77248
-0.637744
-1.80719
-2.74814
1.84996
-1.85293
0.995332
-2.51764
-2.82931
-1.12608
-0.378952
-1.61766
1.85292
-1.4283
-2.69194
-2.1552
1.11459
-2.00291
-1.09669
2.12655
-1.50303
-1.26244
1.38766
1.44881
-2.94623
-1.68905
-1.58746
-1.85663
-0.342081
-0.279142
-2.96129
-1.68952
-2.21647
-1.98338
-0.974452
-1.48557
-1.91645
-2.7289
-2.64825
0.890686
0.806256
-2.78027
1.04035
0.680486
-1.71122
-2.81616
2.03481
-2.00353
-2.21437
-2.7071
-0.260492
0.239386
-1.34762
-2.01137
-0.157722
0.0734325
-2.33312
-1.25166
-1.69722
-1.57169
-2.60563
-0.652412
-2.33111
1.46683
0.339544
-1.55102
-2.18548
-2.42746
-2.72243
-1.12381
-0.664083
-0.342683
0.686919
-0.359259
-0.392046
-1.37537
-2.86752
-2.05302
-0.47454
-2.73506
2.14177
-2.16356
1.64908
-1.63431
-2.44112
-2.51551
-0.428761
0.119673
-0.496627
-0.686463
-2.18205
-2.52099
0.0150112
-1.71026
1.49742
-2.7248
-2.32956
1.22173
-1.8112
-1.05822
-2.25757
-0.127681
-0.946109
-2.13707
-1.9514
-1.15534
-1.30646
-1.36185
-0.425671
-1.95355
0.16608
-0.5651
1.61969
-2.09044
1.38778
0.632307
1.03445
0.616032
-0.807364
-2.89041
1.53207
-2.32977
-1.40384
-2.62403
-2.94263
-2.82607
-0.0229563
-1.31508
-0.119029
-2.41494
-2.58947
-0.861769
-2.86922
-0.196653
-2.18274
-2.33024
-1.68585
0.370832
0.973809
-1.13725
1.35461
-2.1215
-1.06194
-0.511036
-2.56123
-2.91422
-2.38932
-2.32873
-2.31278
-0.693091
0.693573
-2.51052
-2.33642
1.69134
0.132553
-2.80955
-1.16354
-1.40301
-1.33591
-2.65832
-1.79258
-1.03975
-1.77554
-1.04926
-2.59203
-0.0447456
-2.23297
2.02577
1.83441
-1.38204
-2.49633
-2.35682
-1.64314
-2.91226
-1.91232
-0.520297
-1.94482
-1.50145
-1.38673
2.15583
0.893092
-0.470037
-0.794396
-1.37431
-2.81716
-0.383292
-0.850621
-1.96754
-1.51056
-1.25016
1.9357
-1.67592
-2.79636
-0.760331
1.95795
1.35239
-2.18992
1.29837
-1.56938
1.34278
1.55583
-2.01834
1.6303
-1.82664
-1.0756
1.69006
0.835672
-1.84693
2.05403
0.968822
-1.01871
-2.22018
-1.04072
-1.90132
0.838926
0.154348
-1.10253
-1.27679
-2.14429
-2.49467
0.893971
1.57244
-1.99291
1.05418
-0.184992
-1.25879
1.50956
1.54982
0.516364
-2.16921
-2.03839
1.16102
-2.2081
0.223905
1.48241
-0.563759
-0.873884
-2.55076
-0.642999
-2.74651
0.578628
-2.76798
-2.13819
-1.84838
1.43388
1.84821
-2.76028
-1.66517
-1.87689
-2.58396
-1.97581
-1.66741
-0.560858
-2.34617
0.085116
0.0939095
-1.9204
-2.43066
-2.51036
-0.0882535
-2.00144
-2.04093
-0.327006
-0.186907
1.03363
-2.03074
-2.07637
-2.9782
-1.92112
-2.48174
-2.36751
-2.29939
-0.795068
-1.71164
-1.77331
0.403328
-2.21195
-2.52244
-1.63305
-1.44734
-1.41736
-2.64918
-1.52936
-1.40224
-0.226464
-0.85856
-1.12677
-0.968839
0.79948
-0.631425
-1.72495
-0.332175
-0.787472
-2.1196
-1.71212
1.07682
-0.641816
0.45449
-1.20483
1.98169
-1.31946
1.87223
-2.16018
-0.370099
-2.33384
0.920181
-0.541199
0.70034
-1.26927
1.43819
2.0001
-2.43265
1.17406
0.304803
1.98361
-2.27471
0.423534
-2.45785
-0.328971
1.63701
-2.73068
1.11132
-2.4902
-1.29521
1.11385
1.52068
-1.85661
-2.63409
0.44385
-2.75131
0.994924
-2.49704
-2.24336
-1.41744
-1.2833
-1.30303
0.636311
1.90311
-2.27003
-1.3884
-0.35168
1.8598
1.97025
-1.82965
1.48128
-0.255747
1.56179
-2.70001
1.04181
1.02068
-2.8782
-1.96269
0.585671
1.60639
-2.69022
-1.76917
-1.31428
-2.06023
-2.11058
-1.75741
-2.47957
-2.42617
-2.00075
2.15965
1.71764
-1.74978
-2.59878
-0.46802
-0.786452
-1.8537
-0.948472
-1.94055
1.91513
-2.21429
0.65804
2.06373
1.8864
-1.40784
-1.13411
-2.0565
-2.18829
-2.3903
-2.65561
-2.08308
0.47404
-2.75111
0.429141
0.19116
-0.0165666
-0.014467
-2.54847
-2.67036
-2.59599
-2.18518
-2.52103
1.52252
-2.00032
-1.40774
-0.814129
-0.629074
-2.89095
-0.441303
-1.30545
-2.40476
-0.942847
-0.286554
1.54021
-1.63643
-0.918575
1.12081
-1.48739
1.60579
-2.60878
0.247453
-2.76245
1.9295
-2.18871
1.56098
-0.403121
0.813941
-0.377206
-2.18425
1.97957
-0.889058
-0.811966
-0.909076
2.10429
-2.56994
1.36867
1.67036
-0.741837
-2.30824
-1.30323
-1.27976
-1.99361
-1.35882
-1.97499
-1.81341
-1.40247
-1.41662
-1.97948
-2.46899
-2.80993
-2.48215
-1.62505
-0.960597
-2.05641
-1.29135
1.7609
1.19237
-0.642696
-0.967438
-1.5369
-1.35875
-1.06823
-1.77697
-1.52149
-1.483
1.16705
-1.63485
-0.414369
1.98916
-1.63658
-2.86235
-1.56354
-1.23799
-2.31244
-0.611151
-2.78549
-0.562297
-0.835693
-2.42183
0.38063
0.558083
-2.34231
1.86772
-1.3113
1.7031
0.135141
-2.7753
-0.988513
1.09533
-1.62016
1.60641
-0.797541
0.688358
-2.7319
-1.01761
-2.34597
-2.6594
-1.47948
-1.94493
-2.46021
-2.24694
-0.323202
-1.00539
-2.56231
-2.56683
-2.35602
1.60655
1.65015
1.1481
-0.365914
1.93399
-2.0502
0.334826
-2.1354
0.366691
-1.99627
-1.60375
-1.48627
-2.30078
-1.34639
-0.581102
-2.48452
-0.809697
-1.38489
-1.53491
-1.62875
-2.84771
-2.445
0.772886
-2.5938
-2.92373
-1.573
-1.96034
-1.4035
-1.06979
1.57203
-1.78621
-2.54717
-0.425253
-2.61617
-0.72569
-2.43296
-2.78971
-0.248601
0.271232
1.58461
1.59035
-1.32078
-2.12706
-0.158789
0.167822
0.531542
-0.640485
0.979717
-2.50487
-1.72629
-1.98256
-2.49576
-2.70336
-2.31462
1.26563
-1.75923
-1.71603
-2.04923
0.455763
1.61772
-1.15869
-1.73185
1.60345
-2.21237
-0.0826556
-0.750191
-2.15158
1.1746
1.30692
-2.37007
-0.523644
-0.913473
-2.17932
-1.19624
-0.767307
-1.1087
1.44896
-1.53566
-1.08431
1.59535
-1.43337
-1.0783
-1.87874
0.763109
-1.90068
1.12753
-0.341075
-2.04146
-1.84326
-2.75511
-0.0266111
1.07464
-1.8555
-1.37739
0.210562
-2.00954
-0.427885
1.71076
-1.59799
-1.07106
-1.14351
-1.7613
-1.24142
1.36825
-1.22834
-2.72734
-1.0296
-2.79543
-2.4028
-1.22648
2.02018
-2.62413
-2.62737
1.72581
1.27279
-1.67886
-1.3127
0.767213
-2.88341
-1.60125
-1.99215
-1.0831
0.797351
-0.44857
-2.33668
1.84576
-1.0016
1.4478
0.728359
-0.978644
-2.52088
1.4569
-1.06254
-0.693405
-1.35225
-2.05172
-1.3621
-2.48243
-0.316764
-1.14841
0.18562
1.92589
-2.23849
-2.12722
-0.674109
-1.26768
-2.1089
-2.26501
-1.63986
-2.53559
0.0153293
-1.67869
1.47741
-1.61423
-2.06339
-1.43582
-0.0831656
2.1572
-2.59432
-1.64939
-2.26017
-1.95861
-2.43061
-2.4388
-2.46998
-1.32796
-1.16009
-1.25304
-1.70231
0.100071
-1.54249
2.11063
-1.83791
-1.7632
-2.14952
-1.8584
1.06742
1.19049
-0.619174
-1.79575
-2.769
1.1518
-0.790237
2.13086
0.637294
0.973369
-2.35258
-2.10755
-1.51779
-0.502844
-2.12799
-2.37242
-2.53375
-2.57821
1.95126
-1.01484
1.79955
-2.16564
-2.57086
-2.09789
-1.02914
-2.27225
-2.04442
-2.29511
-0.838902
1.33898
-1.28093
1.21514
1.21202
-2.30699
1.55846
-0.542603
-1.55959
-2.50323
-2.84137
0.834907
-2.15427
1.42455
-1.54919
-1.54966
-1.6531
1.8609
-1.86959
-1.4719
-1.07741
-0.991225
-2.10991
-2.13082
-0.938357
-0.00513147
-2.59923
1.98471
1.80891
-2.4684
1.39258
2.02525
-2.2582
0.936403
0.0687972
-2.94692
-0.21969
-1.31481
-2.50176
-0.898142
-0.127085
1.34246
-2.32657
-2.0459
-1.84084
-0.483337
-1.76403
1.36335
-2.90848
1.6139
-1.52235
-1.45422
1.56832
2.06113
-1.37753
-1.42072
-2.14836
-2.57112
-1.93628
2.0193
-2.37802
2.12025
-1.04516
-2.81763
-1.97746
-1.15811
-0.41481
-2.77217
-1.27949
-2.85688
-0.541589
-0.948076
1.87669
1.94634
-0.617384
0.482456
-0.970388
-2.70254
-0.893794
1.98387
-2.04362
-2.85371
-0.833528
-1.85136
-2.17368
-0.529639
-0.55086
-0.955456
-0.70702
-0.946056
-2.17096
0.370219
-1.09853
-0.399714
-2.67585
-1.89575
1.05019
2.03684
0.73379
-1.52175
-2.76111
-2.23423
-0.0407802
-1.76039
-1.07351
-0.55093
-1.71643
-1.48724
-1.71278
-2.47469
0.15686
-0.701904
-1.24966
0.0045511
-1.52013
1.66848
1.78162
-0.17489
-0.964261
-1.52133
-2.32858
1.57162
-2.03144
0.917709
-0.927782
-1.58817
-2.537
1.47425
-1.24763
-1.65738
-1.61038
-2.21855
-1.20613
-2.99843
-1.20447
-2.1272
-1.75986
-2.66043
-1.35648
-0.866001
-2.81498
-1.10889
0.0745525
-1.50146
-0.500967
-0.27525
-1.63453
-1.21761
-2.37737
-0.195368
-1.78246
-1.42542
-2.49191
-1.84465
-0.814522
-1.71428
-1.73799
0.933774
-2.50689
-2.21141
0.384011
-2.85673
-2.63441
1.03971
-0.641382
-2.88834
-2.57835
-1.51869
-1.76866
1.04802
0.970281
-0.436973
-2.64239
-1.98158
-2.38941
-0.995302
-2.3369
0.102968
1.19011
-1.85016
0.700063
1.2089
-1.26635
1.48344
1.15201
-2.78937
-1.73863
-2.51844
-1.62306
-1.7276
1.90289
-1.26948
-1.17682
-0.868788
-2.14
-2.70008
-0.158536
-0.396094
0.885378
-0.861654
-1.93699
-2.19675
-0.939941
-1.95173
-1.78516
0.37886
-1.86097
-1.20715
-2.05686
-1.21537
0.314451
-1.55605
-2.60453
1.41799
-0.645999
-0.520361
-1.58546
-1.64513
-1.99039
-2.77721
1.68126
-1.54311
-0.592301
-2.94716
-2.36309
-0.893329
-1.99758
-0.0235133
-1.43317
-0.35746
2.06266
-1.14437
-2.13596
-0.299207
2.02911
0.0748917
0.594492
-1.7344
-1.7405
-1.14282
-1.46447
1.89095
1.05749
-1.30777
0.831743
-2.74048
-0.716745
-0.798789
-2.3727
-1.34128
1.4214
-2.12747
-1.20537
-1.86339
-2.14718
2.00594
-2.27427
-0.915919
-1.06597
-2.16081
-2.06537
-1.41286
0.629363
-0.134991
-2.73398
-2.49086
-1.06347
-1.49607
2.05728
-2.80833
-1.81912
-1.06777
-1.40132
-0.584954
-1.19986
2.0292
-1.76201
-1.80775
-1.06417
-2.32993
-1.96967
-2.11418
-1.67264
-2.62324
-0.337971
-1.84511
-1.07239
-2.28223
-1.74638
-2.03726
-1.6139
-1.58623
-1.80639
-1.98212
-2.11543
-1.15152
1.79047
-1.22145
-1.36781
-1.26286
-1.75073
-0.92387
1.6718
0.0867218
-0.659286
-2.18058
0.73087
1.74902
0.919698
-1.43486
0.869646
-0.86405
-1.01851
-2.44912
-0.714644
-2.07741
-2.61038
-2.77411
-0.724971
-0.94574
1.51987
-1.97815
-2.50043
-1.47603
-2.07856
1.98758
-2.71795
-1.67773
1.74098
1.49017
-0.523688
-2.07997
0.458332
-2.74471
-2.34239
-2.43839
-2.94645
-0.0304476
-2.12799
-1.8908
-1.85121
-1.91685
0.87896
-1.50449
-1.65842
-1.52409
-1.00483
-2.62329
-0.853491
-2.33657
1.44087
-2.8241
0.720459
-2.63892
-1.01726
-0.0278393
1.2815
-1.4276
-2.32161
-1.50468
-0.592618
0.490588
-2.30456
0.436924
0.318647
-1.5883
-2.96117
1.88258
-1.74558
1.56105
-2.35386
1.06543
-1.72731
-0.538044
-2.37683
-1.00405
-1.36177
-0.663764
-0.765402
-2.93727
-1.90029
-2.26213
1.52834
-2.02728
-2.0218
-2.38038
-2.64274
-0.618688
-1.58771
-0.917934
-2.18249
-1.54886
-1.55626
-1.07333
-2.83838
0.901546
-0.949289
-0.329341
1.2055
1.29334
-0.854639
-2.01702
1.74531
-2.49065
-1.78699
-0.86977
1.90074
-1.16431
1.8485
1.24029
-1.12036
-2.76218
0.47183
-1.57375
0.573696
-1.48787
-1.67731
-2.49447
-1.13703
-0.976768
-1.96921
-1.75654
0.163369
-1.59036
-1.92165
0.750636
-0.557935
-1.39619
-0.722874
-1.42942
-1.12982
-0.477878
2.16854
-1.38437
1.28821
-1.35809
1.53725
-1.18261
-2.86942
-1.37402
-2.59598
-0.258168
-1.07537
1.88788
-1.51717
0.0640919
1.51467
-2.63012
-1.08057
-1.78601
-0.58972
-0.169394
-0.798621
1.92354
-2.34293
-1.73361
-1.71237
1.84086
-1.64425
-1.2739
-2.16676
-0.470061
1.52535
-0.00343663
-2.90696
0.397844
-1.12256
-2.64877
1.67407
1.44126
1.66362
-0.895218
-0.079805
-1.55944
-0.0610611
-1.5763
-2.35646
-0.68292
-1.64554
-0.203289
2.07327
-2.29213
-0.459165
-1.26119
-0.410664
-1.03314
0.468092
-1.94289
-2.83393
-2.06857
-1.59314
-0.718433
-0.0260079
-1.2999
1.20498
1.31977
-2.58582
-2.05606
-2.46081
-2.52484
-1.56776
-2.11908
1.3229
-2.97688
-1.54614
-1.00873
-2.87135
-2.07363
0.472139
1.99216
1.61726
-2.30598
-1.78014
-2.24997
-2.41555
-1.93073
-0.74375
-2.66372
-1.71564
-1.02365
0.717784
-0.465447
-0.37098
1.77794
-2.72541
-1.80716
-2.75937
-2.40974
-2.49327
-1.00227
0.0207855
1.77736
-2.81618
-2.52147
-2.73655
0.0180848
1.54112
-2.48826
-1.8197
-0.262864
-2.61562
-0.479374
-1.56555
-2.40523
-1.71765
-1.0018
-1.70916
1.01288
-2.31542
-2.55636
-0.86534
-2.49286
-1.81299
-1.05787
-0.337902
-0.543555
-0.65777
2.04486
-2.27911
-1.97923
-1.48571
-0.97255
-0.682669
-2.44513
0.795176
-2.36134
-2.38843
2.16402
0.19541
-1.64617
-2.61175
-2.54201
-2.85425
1.87681
-2.32871
1.2553
-0.721067
-1.00673
0.765305
-2.46833
-0.654915
0.12272
-0.959579
0.0537827
-1.70579
-2.54236
-1.33616
-2.71111
-2.63775
-1.66402
-1.21414
-2.20718
-1.29964
0.939238
-1.17257
-0.345584
-2.47811
-0.722204
-2.2548
-2.66541
2.02136
-0.651913
-2.29541
-0.587108
-1.43963
-1.58505
-0.574159
-2.10842
-1.74609
-0.848014
-0.621222
-0.347455
-1.8894
-1.90701
-0.503702
2.07743
0.852334
0.634787
1.31485
0.184263
-2.24016
-0.3007
-2.33603
-0.681056
-2.57764
-1.8921
-2.55942
-0.868409
-0.958776
-2.93466
-2.14901
1.75836
-0.660691
-1.8146
-1.84019
-0.221514
-1.80567
1.24946
-1.76567
-0.894736
0.853256
0.729676
0.0919856
-0.478485
-2.54075
-0.296516
1.12138
-0.540459
-0.742625
-2.40547
-0.588988
-2.90744
-1.30696
-1.915
-2.31523
0.878402
-2.11058
-1.93225
-0.970061
-0.458207
1.47759
-2.30592
-2.6375
-0.385132
-1.91508
-1.37336
0.502723
-1.15223
-2.70698
-0.299947
-1.40017
-0.974197
-2.19759
-2.49807
-2.24628
0.8645
0.131406
-0.0303707
0.765113
-1.86859
-2.23101
-2.93576
-1.59251
-2.5544
-0.0483397
-2.23868
-2.40784
-0.623742
-2.62364
-2.20273
-2.49341
0.906161
-2.8378
1.53901
0.578384
-1.3228
-0.406981
-0.315887
-2.29823
-1.72697
-0.5301
0.591947
-1.5078
-2.13918
-1.70283
-0.0413984
1.62661
-2.46614
-2.02319
-0.595445
-2.59501
-1.32024
-2.13674
-2.79049
-2.05853
1.66329
-1.13966
-0.743346
-1.99929
-1.65974
-2.26412
-1.6947
0.887047
1.45603
-2.68245
-2.44605
1.28536
-0.888265
-2.63368
1.81615
-1.68248
0.308539
-2.36782
-2.58131
-1.24042
-1.92591
-0.770158
-2.17837
-2.04679
2.09272
1.52524
0.104679
-2.7135
-1.58657
0.558743
1.2722
-1.87129
-0.778363
-0.54867
-0.342116
-1.74859
-0.361553
-2.3184
0.652134
-1.12043
0.183543
-0.827764
2.11031
-2.63894
-0.614937
-2.45269
1.51842
0.601802
-1.24244
-0.809988
-1.21619
-1.66977
-2.03839
0.122161
-1.58259
1.49527
-0.140204
1.5967
-1.88228
0.745344
0.504343
1.59131
-1.59348
-2.16445
1.1231
-2.68404
-2.20968
1.8331
-1.53677
1.86435
-0.722425
-1.74299
-2.15093
1.43992
0.218582
-1.96953
-2.83414
-2.3473
-0.247883
-2.4516
-0.0689411
0.558981
-2.69129
-1.86362
-0.581327
-2.32327
-2.37842
-1.90484
-1.3268
-1.00524
-0.661999
-2.26243
-0.326216
0.146444
-0.881735
-1.28376
1.05852
1.20919
-2.12561
0.860266
1.36521
-0.960129
0.0260486
1.74335
-1.64258
-2.65586
-1.45606
-0.781219
2.08053
-2.43839
-2.37831
-2.15324
-1.90128
-1.0047
-0.956328
-0.654909
-2.54878
-0.902315
-1.66806
-1.19928
-2.97588
-2.50859
-0.337981
-0.28774
-1.73798
1.56379
-1.59545
0.510327
0.711308
-1.15388
-0.300268
-1.23958
-0.456544
-2.08309
2.18691
-2.61573
1.99806
2.12081
-2.58699
1.82276
0.8414
-1.46141
-2.89598
-1.67749
-0.539049
-2.46389
-1.07895
-1.14002
1.93678
-1.06285
-0.670029
-2.28381
1.38516
-0.945017
-2.14557
-1.4354
1.28842
-1.43495
-2.24188
-1.6634
1.55984
2.05853
-0.47852
2.01352
1.28209
-2.18637
-1.66525
0.893201
1.21321
1.50902
-1.57306
2.07057
-0.292854
-1.49909
-1.19311
-1.29837
-1.28182
-1.30416
-1.45422
-2.24115
1.64489
-1.73595
2.10094
-0.508522
-2.73992
2.12214
-2.57551
-2.28991
1.74541
1.21964
-2.89841
-2.11166
1.69995
-2.26965
-1.21304
-2.37659
-0.897956
-1.38919
2.11363
-2.85234
-1.70016
-2.1001
-2.50632
-1.12224
1.96063
-2.92484
0.868404
1.64472
-1.31987
1.99338
-2.01633
-2.08951
-2.87741
-2.1411
-0.332441
-2.79811
-1.09671
-1.13768
-0.280159
-2.60223
-2.42472
-0.616155
-1.03504
-0.0515962
-1.71249
-1.28862
1.52902
-2.82554
-1.66028
1.44379
-1.70287
-1.27121
-1.41297
1.20228
1.69985
-0.43018
-0.906078
-2.48852
0.738584
-0.575298
-0.786655
-2.73097
-2.84813
-2.49412
1.02064
1.9726
-2.63626
-1.10068
1.01209
-1.34092
1.07466
-0.166407
2.02981
-1.17339
-2.37793
-1.88532
-1.23841
0.416666
-2.14455
1.85237
1.36753
-2.55361
-2.04044
-1.30518
-2.74824
-2.53194
-2.60548
-1.16131
-0.666246
-0.417893
1.97017
0.1354
-1.4986
-2.23466
1.38653
-0.965202
-0.971924
1.19953
-0.0368748
1.59544
-2.44099
-1.96809
0.671262
-0.388798
-0.0842273
0.128887
1.39834
-2.23193
1.11606
1.52975
2.11221
-2.25217
-2.19262
-0.506913
-1.53015
-1.10388
-2.23974
0.947211
0.0835194
-2.46622
-1.57107
0.738508
1.12603
-1.87948
-2.033
-2.27847
-1.89259
-2.33473
-2.07395
-1.47157
-1.10452
-1.80817
2.07664
-1.70978
-2.06784
-1.19665
-1.44181
-2.80549
-0.443164
-0.52926
-1.94005
-1.09026
-0.496945
-2.03854
1.57511
-2.11678
-1.26751
-0.00307435
-2.47911
-2.30462
-0.251543
-2.8949
-0.918761
1.2016
-1.064
-0.952366
-1.43928
-1.29969
-2.26495
-1.54935
-1.4229
-1.98283
-0.63575
-0.303987
1.11555
-1.26441
-2.8996
1.54356
-1.13469
-0.751626
-1.19215
-2.70925
-2.26251
-1.66842
-1.74679
0.999722
-1.46213
-1.35966
0.878447
-2.18694
-0.441259
-0.585623
-2.84018
-0.371931
-2.17943
-2.12433
-0.754445
-0.195688
-1.51599
-0.0649689
-0.154713
-1.03687
-1.33046
-1.77263
-1.72485
-2.27456
0.00588714
-1.05956
-2.2917
-1.63166
-1.2028
-1.75782
-1.84672
-2.42837
-2.19932
1.90705
-2.35997
-2.35673
-1.2016
0.504895
-2.19737
-1.31459
-0.735275
-0.808317
-0.65397
-1.35107
-1.80003
-0.323093
-1.16332
-0.8172
-2.20371
-0.219214
-1.86086
-0.775418
-2.43435
-1.36347
-1.13192
-1.00733
-2.70892
-1.74268
-2.06871
-1.90781
1.26945
1.60932
-0.92358
2.1612
-2.10577
-1.10949
0.538859
-0.338193
-0.947692
1.62381
-2.99948
-0.365668
1.31801
0.647493
-2.17021
-1.73499
0.742637
-2.18935
1.16111
-1.25769
-2.73917
-2.22816
1.66024
0.899025
-1.17462
-2.27049
-2.83094
-1.45263
-2.41507
-0.781707
1.62774
-1.16366
-0.788319
-0.349546
-1.35877
1.13991
-1.45961
0.746265
-2.14975
0.662459
-2.00751
-2.32444
-2.96399
-1.20189
1.23558
1.28468
-1.87107
-2.06739
-1.38624
-0.521746
1.99292
1.34453
-2.61377
-0.633863
-1.39218
0.683131
-0.139
0.25723
-2.8798
-1.85548
1.0314
-2.33707
1.06271
0.400352
-0.944204
1.69172
1.76911
-0.880385
1.68568
-1.50365
-0.951243
-2.3978
-2.01574
-1.78278
-1.16156
-2.75327
-2.46484
-2.3408
-2.88834
2.1759
-0.0177889
-1.33151
1.14215
-2.86023
-2.09407
-2.41951
-0.369247
-1.46786
-1.91452
-2.41723
-2.23478
-1.70974
-2.50549
-2.03396
0.487266
0.923928
-1.67944
0.167201
-0.842986
-1.42227
-0.316223
0.352044
-2.10207
0.833294
-1.88379
-1.35167
-0.381299
-0.896142
0.596306
-2.80705
-2.12035
-2.33448
-2.11853
-0.220165
0.597774
-1.51934
-2.4471
-1.13599
-2.53117
-1.42044
-0.792624
-0.472876
-0.603229
0.262683
-0.852039
-1.27464
-1.79974
-2.3064
0.905823
1.02418
1.88156
-1.20136
-2.65722
1.53206
-0.791793
0.416615
-1.13404
-2.49253
0.985976
-2.50877
1.51981
1.91187
-2.21583
-2.76058
-2.28323
-2.32867
-2.64224
-0.491658
-2.05761
-2.75162
1.96692
2.03502
-2.78089
-2.85601
0.836052
-0.0367846
-2.34761
1.61504
-2.74668
-2.97391
-2.16092
1.36214
0.0766625
-2.42763
-0.59673
-0.534981
-2.54239
-1.85547
-1.27171
-1.24282
1.9955
1.38951
-1.74119
-0.726556
-2.33446
-1.8837
-2.84112
-0.153257
2.03647
-1.86887
-1.90656
-1.7223
-1.21835
-2.53215
-0.482709
-0.968329
-2.07143
0.738288
1.14904
-1.86104
0.0111537
-1.64358
-2.78026
-1.51923
-0.203867
0.799695
-1.03456
-1.90906
-1.32204
-2.31213
-1.41576
-0.508693
-2.04039
-2.31669
-1.41045
-2.8871
-0.538205
-1.04745
-2.76731
1.2556
-0.0190969
0.418093
-1.7898
-0.425046
-2.33024
1.26664
-2.50656
0.0204487
-1.13822
-1.93242
-1.43697
-1.90095
-1.9401
-1.05384
-0.468848
0.0499313
-1.04901
1.43958
-2.44573
1.25336
-2.44781
-1.2629
-2.74262
-0.893194
-1.7431
-1.95855
-0.81458
-1.29907
-2.24714
0.868092
1.09103
-1.55822
-2.15889
-2.68483
-2.48385
-2.52628
-1.48826
-2.36931
-2.58184
-0.857693
-1.37185
-0.765111
-1.0181
-2.41166
0.0744091
-1.79125
-2.65014
1.62163
-0.898233
-1.52711
-1.68972
-0.802774
0.0125718
1.89221
-2.65891
1.5759
-2.24064
1.83836
-1.27613
1.27006
-5.38299e-05
0.0545594
-2.33485
0.959354
-1.76037
-1.355
-1.43845
-2.61507
-2.20025
-1.70573
-2.6217
-2.07258
1.00767
-2.12897
-0.737522
-0.750923
-1.77361
1.52976
-2.21287
-0.135034
-2.97082
-1.80334
0.651897
-0.822545
-1.74457
-1.09677
1.13835
-2.74829
1.20158
0.50772
-0.694942
-2.43838
-0.832714
-1.55576
-1.87781
1.10429
-2.21961
-0.676083
-0.627342
-1.31273
-1.61023
-2.16469
-1.5386
-2.59971
-2.92544
-0.157134
-1.98316
-2.70421
-1.74726
-1.41321
-1.91362
-0.853751
-2.5983
-1.5823
-1.46034
1.67178
-0.969895
-2.17929
-1.49536
1.90672
-0.634375
-2.05462
-0.873731
-2.0267
-1.21072
2.03634
-2.57872
-1.4574
1.421
2.02748
-2.74014
-2.50548
-0.492427
-2.68819
-1.58168
0.0389003
-1.22114
-1.3249
-0.790014
-0.115316
-2.7125
-1.80318
1.12852
-0.594673
-2.30153
-1.68795
-1.1519
-2.32945
-1.40791
-2.71923
-1.78213
1.38452
-1.07623
-2.54323
0.130311
-2.55651
0.803337
-2.65068
0.634337
1.77986
-2.0096
-0.926604
-0.664442
-0.612743
-0.648836
1.07836
-0.829524
-2.26284
-2.74353
-2.37681
-1.20446
-2.93244
-1.42194
-0.179973
2.18372
1.90961
0.652093
1.60697
2.07794
1.04779
-1.11112
-1.65039
0.189341
-0.669471
-0.984379
-0.818994
-1.48205
-0.695751
-1.88005
0.589104
-2.38107
1.05382
-2.25706
-0.791309
-1.51495
-0.887864
-2.52664
1.85019
-2.7035
-1.46032
-1.51614
0.0468069
1.53587
0.521625
-2.21206
-2.38266
-0.885744
-1.54626
-1.53772
-1.80877
1.34313
-0.0467572
-2.12407
-0.944064
0.0449628
-1.67284
-2.28459
-0.253328
-0.661656
-0.975183
-2.3979
-1.11404
-1.31974
-2.54646
1.01751
-1.64794
-2.11083
0.80288
1.20913
-1.70565
-2.79418
-0.30959
-0.658614
0.998542
-0.88724
-0.590756
2.15457
-0.634199
-1.16926
1.91749
0.931585
-2.26758
-1.77974
-1.78234
0.547088
-1.1666
-0.794469
0.684717
-2.14805
-1.4942
0.569582
-2.17983
0.75504
-1.10107
-1.75814
-1.53708
-0.887419
0.830825
-1.79076
-0.751803
-2.44777
-2.6161
-0.739097
-1.51504
-0.871787
-2.36136
-1.25393
-0.254572
-1.87083
-2.36835
-1.27685
1.49622
-0.340387
-2.9082
-1.13525
-0.9269
-1.39089
-2.27403
-1.14978
-2.53714
1.87794
-2.33817
-2.67898
-1.315
-0.753598
0.705531
1.74559
-1.92945
0.384199
-2.54101
-2.26393
1.46822
1.1883
-1.47207
-0.895625
-2.51022
-1.20346
-1.94951
-2.42217
1.8613
-1.88825
-1.18405
-2.9949
-2.66475
1.33833
0.0427249
-1.89189
1.30413
-1.80622
-1.91335
-2.21783
1.65119
-0.368156
-2.6888
-1.41693
-1.7879
1.43596
-2.37244
-1.47153
-0.578297
-1.66019
-1.88113
-0.556486
-2.49448
-2.14785
-0.101978
-1.66541
1.14799
-2.41074
0.605595
-0.631321
-1.55204
1.23273
-2.16565
-2.78108
-1.07786
-1.70341
-2.05715
-1.76484
1.14707
-1.90315
-1.38315
-1.4033
-2.69766
-0.685346
-0.00888438
-2.07593
-1.85026
-2.01311
0.0558018
-0.399942
-0.122665
-0.775524
-1.5777
-2.4409
-1.8875
-2.27222
-2.07727
-2.45072
-0.754266
0.749488
1.26266
-1.57538
0.340501
-2.66231
-2.3657
-0.752132
1.53665
-1.56607
-0.401597
-2.29137
0.948626
-2.18038
0.347046
-2.50261
-0.78439
-0.726453
2.18207
-0.158557
-1.42534
-0.138159
-2.55128
-1.19136
-2.02321
-2.45513
-0.789807
1.58868
-2.00018
-1.02438
-2.13604
-1.41388
-2.16893
-1.42345
-2.68119
-2.42939
-0.7684
1.6529
2.03923
-1.98515
1.8608
-2.17285
-0.588118
-2.38894
1.75915
-1.65053
-2.32608
0.782908
-2.0927
1.14159
-0.580112
-1.29557
-0.992492
-0.978577
-1.43303
-2.14074
-1.92345
-1.44884
0.14575
1.03339
-0.208774
-2.09446
0.953006
1.72168
-2.52416
-1.8215
-0.731011
-1.24428
-1.01152
-1.72635
-0.362553
0.214652
0.853378
-2.13647
-2.04226
-1.8439
-0.934925
-0.172286
1.60634
1.56998
0.73396
-2.47006
-1.7006
-2.46174
-0.820943
0.841671
-2.02287
-0.387773
-0.961816
-1.5512
-2.22795
-2.33085
-0.243411
0.712166
-1.54837
-2.37527
-1.03916
-2.24077
1.77337
-2.92295
-1.40759
-1.72062
-1.8051
1.89846
-1.00839
-0.200947
-1.74206
-1.64524
0.333243
-2.5645
-1.67878
-1.84028
-0.874486
-1.84755
1.17602
-1.9551
-0.271856
-0.368022
0.325201
-1.21312
-1.76633
0.959373
-0.64195
-0.366668
-2.63122
-0.463832
-1.0337
-1.69408
-1.97374
-2.02901
1.48561
-0.112671
-1.72333
1.08969
-0.783337
2.01541
-1.37752
-2.72983
1.3467
-1.95102
-0.466351
1.52226
-0.384247
-1.55278
-1.91204
-1.06506
1.0443
1.02178
-0.708861
-1.86369
-0.548125
-2.22653
-2.04716
-1.88015
-2.73453
-0.553318
-2.25481
1.71868
