-0.447065
-0.103206
0.554031
1.89412
-0.92555
1.50163
1.94895
-0.05823
1.31083
-0.258552
-0.975887
-1.78115
-1.32227
-1.95784
0.669339
1.21291
0.859039
-0.712666
1.91934
-1.42395
1.40022
-1.96243
1.16169
-1.61307
-1.39845
0.0308616
-1.95285
-0.404251
0.00218682
-1.32565
0.796675
0.485999
1.36985
1.62852
-1.44959
1.51138
0.317668
-1.79271
-1.86727
0.36281
-1.41237
-1.82669
0.748182
-0.181026
1.53782
-0.634546
1.56066
-1.81483
1.73784
-1.34572
1.18837
1.85754
1.49617
0.932874
-0.184653
-0.652834
-1.53776
-1.53065
1.03339
-1.75832
0.93979
1.16457
-0.31768
0.566754
0.155026
0.303946
-0.32789
-0.682205
1.02118
-0.0385984
0.692552
0.693877
-1.73183
-1.92116
-0.588716
-0.510165
-1.64603
0.920173
1.23497
-1.78177
0.800557
-1.74815
-1.91003
-1.99934
-1.75717
-0.444517
0.964143
-1.85428
-1.02307
1.62567
-1.34397
1.5009
0.987783
0.393664
1.24291
0.485848
-1.9297
-0.978373
0.190504
1.49046
-1.59767
1.80195
-1.16087
-1.196
0.0518857
-1.90418
1.76942
-1.64164
0.846033
1.05423
-0.472049
-0.649456
-1.60532
-0.795865
-1.27504
1.13814
-1.46199
1.75759
-1.8927
1.87685
-1.37865
-1.88284
-0.859417
0.142342
-0.550009
1.4485
0.905976
1.19811
-1.97856
1.607
-0.651085
-0.450675
0.896525
0.269366
-1.90304
0.987982
-0.894172
-1.26406
0.753733
-1.21514
0.19102
-1.9338
-0.179787
0.275873
0.775104
1.03357
0.44718
-1.87451
0.711187
1.18643
1.44528
-0.271122
1.06151
-1.26825
-0.193823
-1.84037
0.498138
-0.874915
0.224337
0.0788654
0.460849
0.651731
1.11336
-1.06045
-1.55015
-1.02055
1.59151
-1.83434
0.142549
-0.405342
1.39591
1.76285
0.0780835
-1.41508
0.313482
-1.21366
-1.06381
0.597373
-0.600417
1.50079
0.328359
-0.745186
1.22531
-0.711093
0.436217
0.177128
0.307298
-0.305292
-1.5612
1.29188
-1.52239
0.761031
0.200458
1.05123
1.82055
-1.48602
0.755772
-1.51938
-0.927802
-1.74391
-1.07823
-0.554098
0.00239706
0.0911014
1.3833
1.05927
-1.76985
-1.81037
0.868439
-1.55354
-0.949706
-1.05146
1.13943
-1.80258
-1.59082
1.1559
1.16015
1.26586
0.435118
-1.51575
0.548416
1.45069
-1.99064
0.797096
-0.824166
-0.343246
-1.7361
-1.59602
0.851775
-1.86619
-1.12058
1.58826
-1.88508
-1.68107
-0.491444
-0.0454855
-0.811964
-0.309413
-1.75344
-0.537432
-1.45933
-0.649487
-1.95209
-1.35105
1.71584
-0.0959678
1.14757
-1.47886
0.0939149
-0.930995
-1.76419
0.643959
0.035469
0.740556
-1.11508
-0.515287
-1.21965
-1.76966
-1.89627
-1.91196
0.0316326
0.437928
-0.849638
1.52336
-1.34913
1.83651
1.63634
-0.0551597
-1.91239
-1.62286
-1.73665
-1.95769
-1.22561
-0.491365
0.874194
0.796366
-1.53936
0.269283
-0.0542042
-1.92823
-0.0209999
-0.846152
-0.301977
1.02989
-1.13916
0.792526
-0.243073
1.49521
-1.26559
-1.81877
-1.91211
0.443266
1.10716
1.51966
-1.64485
1.56899
-0.652012
-1.48089
-0.810784
-0.861326
-1.41828
-1.42554
-0.313379
-0.0121398
-0.566727
-1.87145
-0.918972
-1.52623
0.151635
1.19224
-0.433526
0.619931
-0.802102
-1.23312
-1.40671
1.5953
1.20975
0.75335
1.33813
-1.5698
-0.717667
-1.57188
-0.00765594
1.21038
-0.706196
0.896776
-1.37091
-1.55773
1.65288
-1.57129
0.540136
-0.120005
0.687716
-1.39087
1.69182
-1.64178
-1.95235
-1.67446
-1.88507
-0.886023
-1.03783
-0.929084
-1.33687
1.33957
-1.98452
0.528983
-1.66158
-0.818337
-0.8322
-1.45414
-1.75703
-1.70949
0.125183
-1.4593
-0.146012
-0.600991
0.234705
0.441812
-0.504175
-1.48086
-1.16942
-0.250916
-1.84079
-1.91624
-1.86603
1.25914
0.0748279
1.22835
1.50502
-1.86984
1.67081
-1.02813
0.852798
-0.154628
-1.12792
-1.50094
-1.85717
0.120489
0.198242
-1.82055
1.65893
-1.41386
1.36609
-1.70659
0.167136
-1.20541
1.78933
-1.72306
-1.66486
-0.635418
-0.271167
1.90865
-1.74548
1.66925
-1.66926
1.8351
-0.966211
-1.95243
0.614168
-0.647885
0.263728
-0.877192
0.155854
0.712239
-0.442125
0.146242
-0.298944
1.53383
-1.12573
1.59759
-1.07682
-1.68379
-1.43811
-1.8459
1.34788
-1.39841
-1.58866
1.41167
-1.56282
0.0457836
0.10335
0.811504
0.317492
-0.82918
-0.942032
-1.4295
-1.72141
0.658804
-1.87912
1.04724
0.721902
0.746613
-1.57073
0.874311
1.19332
-0.732388
1.39172
-1.19239
-1.19529
0.434425
1.18795
-0.945225
-1.53476
-0.177156
1.54582
0.0488673
-0.526767
-1.40993
0.767382
0.518335
1.92004
-1.40168
0.738254
-1.71017
-1.25147
-0.886431
1.2559
-0.784847
-0.900958
-1.2185
-0.839709
-1.8169
1.72733
-1.0722
-1.05751
-1.77232
-1.37452
-1.43675
-0.00656345
1.12686
1.60329
-0.142662
-1.22232
0.274622
1.89857
0.688929
0.696888
-0.86366
-0.122477
-1.95825
-1.86906
-1.83895
0.552756
0.404453
-1.98893
0.99782
-0.294545
1.32832
0.650625
-1.39227
-1.70028
-1.81821
-0.765751
0.23141
0.591304
-1.72588
-0.696852
-0.744099
-1.23202
1.27165
1.34959
0.74516
1.53569
-1.92224
-1.93552
-1.37515
0.663145
0.0327416
0.792289
0.0189123
1.2823
-1.57168
-1.28306
-0.651945
-0.869391
-1.17195
0.558514
-1.084
-0.915598
-1.71944
-1.90006
-1.38011
-1.38156
0.495943
1.9559
0.237264
-0.442661
-1.21772
1.50127
-1.4233
-0.793832
-1.52727
1.65989
-0.119917
-0.132825
1.54248
1.69449
1.28491
-1.66604
0.742474
1.53332
0.0798915
-1.72748
-1.52661
0.90441
-0.313117
0.132856
-0.922107
-1.96357
0.520636
-1.41854
1.34553
0.88562
1.10291
-0.24438
1.34685
-1.28845
0.810459
1.07198
-1.17809
-1.06864
-0.861398
1.29556
-1.70097
0.439112
-1.43311
-0.178653
0.903118
-1.22662
-0.801605
-1.00383
0.626091
1.3082
0.9943
-1.09674
-1.36549
1.09472
1.6012
1.09971
1.28476
-1.08087
1.25911
-0.123051
-1.61212
-1.09958
-1.47529
-0.358371
-0.357986
0.766039
0.387996
-1.36056
-0.637139
1.76173
1.56495
-1.77685
0.0190485
0.460666
-0.514971
-0.132924
-0.860858
1.8753
-0.42937
0.218
0.518548
1.56599
-1.83997
1.02222
-1.99988
-1.89849
1.47736
-0.702345
-1.71634
0.0101149
0.138214
1.65451e-05
-1.05133
-1.34585
-1.70984
-1.67812
1.04442
-1.32922
0.271889
0.833137
1.24726
-0.0334378
1.19019
-1.80417
-1.27471
1.08381
1.71469
-1.64875
0.601329
-1.63806
-0.0800832
0.876681
-1.81477
-1.74667
1.68063
-0.375495
-1.69178
-0.614148
-0.205733
1.04492
-0.475585
0.812055
-0.857645
1.83665
-1.97143
-1.84007
-0.106196
0.774968
-0.977845
0.557901
-0.989765
0.884401
0.279069
0.99653
-1.49069
-0.593786
-0.89537
0.832321
-0.939602
-1.5569
1.45864
-1.00817
1.7513
0.398756
-1.40914
-1.42397
-0.53192
-1.95201
1.44542
1.60003
0.0838904
-0.768002
-1.05242
-1.76495
-0.5796
1.64079
-1.5429
-1.80349
-1.00401
1.4634
0.203665
-1.98222
-0.359252
0.647296
-1.20657
-1.97567
-1.62291
0.961279
-0.115161
-0.946674
-1.60286
-1.95509
-1.84972
1.25986
0.250329
-0.243731
-0.74416
0.978351
-0.150572
1.64493
-1.25743
0.318132
1.81625
-1.16628
0.335567
0.531618
1.34613
-0.814742
-0.0337254
0.315969
-0.286696
0.487156
-1.64824
-1.02145
1.15244
0.0690405
0.561364
1.4018
-1.4439
-1.98702
1.16996
-1.09646
-1.01331
0.270354
1.39304
-0.614773
-1.79106
-1.78342
-0.951247
-1.90865
-0.371044
1.36813
-1.89257
-1.1824
0.729805
-0.192181
-1.00983
0.990468
-1.71132
-1.11245
-1.67573
1.5418
-1.81688
-1.65581
-0.637803
0.956369
-1.64282
-0.452331
1.29124
-1.46183
-1.65734
0.834686
-0.610304
-1.01612
-1.67691
0.180536
-0.167752
-0.137084
-1.37573
-0.313304
1.58574
-1.15564
1.32809
-0.779834
-1.69925
-1.57628
0.390527
-1.20918
-0.74327
1.48956
-1.60199
-1.64941
-1.99801
-0.594149
0.562649
-0.159519
-0.292989
-0.614896
-1.26787
-1.987
1.83948
1.186
1.27321
-1.36281
-1.12549
-1.21407
0.405188
-1.23684
0.120544
0.588906
-1.39587
1.09907
1.12656
-1.57881
1.51007
1.68632
-1.9913
-1.94244
-1.92785
0.890909
-1.27037
-0.0398334
0.968544
-1.91384
0.768229
-1.76397
-0.791695
-0.205866
-0.620843
1.26543
0.0519795
0.318302
-1.47567
1.36709
-0.713501
-1.18022
-1.60392
-0.769038
-0.853235
-1.70257
-0.611762
-0.838069
-1.31415
0.659524
-1.95548
-1.54955
1.75469
-1.41795
0.863128
1.03347
-1.69343
1.82288
-0.680476
-0.501399
-1.7822
1.60578
-0.872463
-1.85536
-0.882278
-1.69245
-1.853
-0.599283
-1.98191
-1.26599
-0.950262
-0.972758
-1.93439
-1.23279
-0.343346
0.300677
0.517846
1.3399
0.0695929
-0.137426
-1.98334
-1.90252
1.21106
-1.42608
-1.12067
-0.246759
-0.0660466
-0.523031
0.657962
-1.73029
0.863218
1.43518
-0.38409
-1.23734
0.153641
-1.66621
0.757583
-1.67335
-1.51078
-1.34443
-0.0883375
1.10456
-0.503034
-1.49984
-1.36796
1.44073
0.0800886
0.653005
1.13872
0.82824
-0.861638
1.12573
0.324401
-0.769751
-1.77491
1.27249
-1.81403
-1.98261
1.75856
1.41235
-0.49506
0.201333
-1.68384
-1.8697
-1.77691
-1.87566
0.753027
-1.6715
-1.91109
-1.11014
-1.81118
0.544003
0.594176
0.466161
0.918305
0.123391
-1.3367
-1.76264
-0.453487
0.940772
-0.698199
1.53369
1.4871
-0.235173
-0.684934
1.25518
-1.81653
0.654533
1.28338
1.88199
0.399559
-1.11585
0.706453
-1.46754
-1.90585
-1.82445
1.60306
-1.26029
0.26819
-1.01965
0.447992
-0.423481
-1.06262
-0.798915
-1.46808
0.936877
-0.150485
0.761383
1.12184
-1.94098
0.382528
-0.78771
1.89897
-1.36864
0.305283
-1.94279
-1.48693
0.767233
-0.257396
0.707513
-1.90944
-1.34103
-0.960209
0.298678
1.105
1.33676
1.75377
-1.59703
-1.53827
0.980034
-0.747849
1.62554
-1.09501
0.514971
-1.76885
-1.40027
0.429675
1.78311
-0.936052
-0.230832
-1.18731
-1.34585
-1.27345
-0.395875
-0.577746
0.807574
-1.52643
-1.22205
0.202166
1.33014
1.89252
-1.28497
0.174759
1.88838
0.594422
0.831845
1.6312
1.13752
0.30786
-1.83974
1.1748
1.30352
0.00274809
-0.0973431
-0.925068
-1.58076
-0.440389
-1.16221
0.0693931
-1.83161
1.05141
1.48332
-1.95588
-1.17044
-1.07926
-1.55901
-0.445393
1.49623
-1.36176
1.73399
1.54231
1.20592
1.64493
0.0727434
-1.01531
-1.72933
-1.69053
-0.14597
1.23873
-1.1413
-0.255963
-1.81727
1.39341
-0.997745
-1.5193
-1.99764
1.89913
1.35733
0.857915
0.01422
1.24477
1.52951
1.57437
-1.8159
-1.77935
-1.09177
-1.71894
0.565678
-1.38815
-1.88535
0.985641
-1.51058
-0.902258
0.835232
-0.256589
-0.705027
-1.94619
-1.00711
-0.167568
-0.0314815
-0.0869354
-1.96285
1.24995
0.332382
1.3416
0.30282
1.17009
0.868951
0.356165
-1.39415
1.16007
1.81733
-1.22864
-0.919525
-1.34775
0.381499
-0.515963
1.39382
-0.605166
-0.375895
-1.99528
-0.783984
1.32741
-1.58877
0.416283
-0.454264
-1.39861
1.44299
-1.92222
0.350962
-1.81609
1.77771
-0.649656
0.881777
1.08655
1.11351
1.45384
0.663479
0.865739
0.284835
-1.28025
0.583766
1.40868
1.13031
-0.472958
-0.294568
-1.29621
0.306557
1.11262
-0.0890522
1.18853
0.414807
1.61139
0.510622
1.4425
0.232079
-0.717181
-0.378675
-1.25449
-0.883064
0.818189
0.71993
-1.6913
-0.560164
1.79115
-0.632162
0.578604
0.985381
1.71907
-1.98119
-1.36458
1.1939
-1.59433
1.48306
-0.853483
-1.59879
-1.12064
-0.994985
1.34241
-1.58282
0.00226466
0.305694
0.542487
-1.09149
0.962326
-1.82653
1.6853
-1.8662
1.76018
-1.35671
-1.52051
1.58636
-0.00118237
-1.66447
0.145288
0.912016
-0.696192
-1.42067
-1.16233
-1.99989
-0.657521
1.72329
-0.0178873
-1.98593
0.729518
1.49373
0.592012
0.575874
1.49822
-1.96263
-0.241284
-1.94847
-0.529704
-0.374893
1.2421
-0.207547
1.18718
1.57335
-0.24194
-1.82735
0.00916484
1.60807
-1.60916
-1.68436
0.54875
0.48882
-0.884065
0.618193
-0.853984
1.38866
-1.15253
0.959187
-1.50177
-1.48472
1.28697
-1.8424
-0.855073
-0.728588
-0.055464
0.263714
-1.97091
-0.97362
-1.51142
0.919199
0.587661
-1.32666
1.42695
1.14104
1.49866
1.24493
1.3519
-1.93929
1.08073
-0.413027
-1.40997
-0.501961
1.2048
-0.70415
0.135717
1.8556
1.02702
-0.0913666
-1.86856
0.395276
0.115095
-1.14106
-1.55037
-1.09685
-1.99723
-0.710022
1.64922
-0.282034
-1.31006
0.0399864
0.132385
0.611631
-1.31658
-1.56056
-1.65915
0.979182
-0.961799
-1.42377
-1.56346
-1.56261
-1.45967
0.415889
-1.7716
-1.20718
1.90705
-1.02708
-0.713962
-1.23518
0.243062
-0.239085
-1.4414
1.5545
1.93973
0.603342
-0.197417
-0.676429
1.54027
1.09019
1.87708
-0.0237816
-1.67947
0.910692
-1.75973
-1.99555
-1.43801
1.78645
1.90301
0.753846
1.26895
-1.76373
-1.67617
-0.690304
-0.741616
-0.673112
1.8439
-1.13539
0.0216038
1.64742
-1.05701
-1.35945
0.559866
-0.910477
-0.255708
-1.99485
-1.57143
0.780089
-0.141103
1.19089
0.915298
-0.403752
-1.04393
-0.23492
-0.689899
0.656055
1.4838
-1.34198
-1.14394
-0.420176
0.470282
-1.40252
-1.26463
-0.697194
1.2149
0.790416
1.02681
-1.62725
-1.33034
-0.679818
-1.9272
0.252538
-1.61606
-1.67904
-0.569999
-0.214552
-0.174145
-1.66084
1.08479
-1.25192
-0.536011
1.853
-1.35474
-1.99613
-0.327295
1.33875
-0.813794
-1.26429
-1.52841
0.502999
0.190836
1.05363
-0.39822
-1.28525
0.518298
-0.637651
-1.31684
0.529687
1.25494
-1.93667
-0.418659
0.318305
-0.502603
0.0361089
-1.04159
-0.948331
-1.03159
0.969602
-1.14549
-1.87251
0.1719
-1.89266
-1.68967
-0.940961
0.188146
0.80388
1.5623
-1.1131
1.76617
-1.54917
-1.29404
-0.450011
0.895825
-0.975363
1.64326
-0.492117
-0.261594
0.146666
0.331741
-1.70259
0.937934
-1.0546
-1.74579
-1.32989
0.473057
-1.56198
-1.89156
1.39163
-1.88823
0.911623
0.519132
1.11697
-1.98216
1.33964
-1.3791
0.977251
-1.94942
1.41264
-1.39884
0.218025
-1.35679
-1.55192
-1.45089
0.47618
-0.812604
1.66441
-0.913202
-1.70272
1.71131
-0.82907
-0.586055
-0.694314
-1.85878
1.34322
1.10533
0.620955
-1.45098
-0.650264
-0.806524
-1.89034
-0.783359
-1.06506
-1.41405
-0.354576
-0.325229
-0.841651
-0.321076
-0.585688
0.63386
-0.983211
0.633097
1.40952
0.227638
-1.38352
-1.65101
-1.03799
-0.0661972
-1.41751
0.853583
0.70893
-0.973839
1.37745
-1.15692
-1.35859
0.61474
-1.92027
1.1218
-1.66168
-0.30176
1.74608
-0.645354
0.347778
0.421088
0.913555
-0.879121
-1.07105
-1.82462
-0.696973
1.51158
1.08746
0.89525
1.32482
1.6418
1.88729
0.315626
-0.976282
-0.0195201
-0.767377
-1.5691
1.41908
1.32187
-1.80777
1.29624
0.804088
-1.11535
-0.0428316
-1.27286
-1.54643
-1.62422
0.724632
0.823406
1.14697
-1.90452
-1.82011
0.619916
-1.87807
0.75942
1.44316
-1.34742
0.0818985
-1.07712
-0.672339
1.00775
1.62608
1.56684
-0.714939
-1.05852
-0.859048
-1.61063
-1.74357
1.87507
-0.933546
0.485567
0.430683
1.08333
1.68365
-1.71389
-1.83129
-1.31548
0.00650462
0.846908
0.519298
-0.658894
-1.49496
-1.79892
-0.643785
-1.4815
-1.09954
-1.87043
-1.93963
0.341989
-1.79825
1.16822
0.419937
0.14533
-1.48531
-1.24083
1.31988
1.40225
-0.193286
1.66721
0.836663
0.145303
-1.20186
-0.773886
-0.714049
-1.53687
-1.78874
-0.0525368
0.42752
0.617795
-1.76407
-0.467673
1.35974
1.66589
-1.76573
-1.77731
-1.78794
-1.00714
-0.0604491
-1.3827
1.61605
-0.803517
1.09085
-1.4766
0.392985
-1.35732
-0.745056
-1.74666
0.800156
-1.00475
1.40234
-1.24227
-0.731928
-1.45822
0.269116
-1.95782
0.203218
-0.462698
-1.22413
-0.569656
-1.57813
0.853577
0.486262
-1.84
-1.79339
1.52398
1.53776
0.671708
-0.0732978
1.02202
-1.1719
0.87425
-1.9995
-1.9702
-0.11915
1.43716
-0.274336
-1.95487
-1.6304
0.405273
1.49479
-1.61319
-1.32512
-1.33672
1.28425
-1.83644
-0.958749
-0.396149
-0.730155
0.788713
-1.68873
0.827043
-1.16484
-0.527041
-0.0788209
-0.908415
1.17414
-1.75472
-1.36287
1.6443
-1.89648
-1.56309
-0.540019
0.83367
-1.19987
0.282646
1.8503
-1.11394
0.872155
1.1617
-1.28747
0.202466
-0.633644
1.14734
-1.63382
-1.19413
-1.10439
-1.14272
0.658867
-1.88604
-1.65447
-0.932607
-0.178205
-0.893855
0.00929003
1.06085
-1.44091
0.614683
-0.557496
1.56827
1.78607
-0.531734
1.83815
-1.01005
0.000944574
-1.44788
0.49107
1.28185
0.752095
0.34414
-0.178031
-0.16823
-1.65766
-1.25379
-1.7721
1.77627
1.8843
-0.317261
1.66246
-0.869923
-1.94803
1.19158
-1.84215
-1.82692
0.352094
-1.48921
-0.543277
-1.01972
1.12151
-1.8923
-0.113063
-1.96295
-1.43918
-1.90275
-0.977523
1.74105
1.67188
0.900852
0.102973
0.971219
-1.93932
1.31709
-1.8237
-0.666377
-0.602956
1.5308
-0.149948
-0.282762
-0.214913
0.32536
-1.1619
1.46201
1.90886
-1.9115
-1.61629
1.6737
0.328692
-1.84171
-0.226198
-1.20715
-1.21857
-1.01479
-1.28501
-0.0578696
0.43929
-1.51801
1.54596
0.539944
-0.586208
-1.63005
1.58162
-0.730121
0.988704
-0.30355
-1.66799
-1.91865
-1.81544
0.429737
-1.96692
-0.12259
1.47668
-1.84109
-0.302329
-1.18143
1.39482
0.100898
-1.05041
-1.38668
-1.53529
-0.94991
-1.18495
-0.589759
0.877261
-1.93556
0.547999
-1.86154
0.0364372
-1.65143
-1.44888
1.24054
-1.11909
0.0534561
-1.24895
0.645944
0.594789
-1.62958
-1.73078
-0.155523
-1.8566
-0.634802
0.108904
-1.99666
1.05374
-0.156636
-1.67181
-0.850724
1.1714
-1.24833
-1.10417
-1.03185
-0.724693
-1.04031
1.13518
0.0970808
1.7601
1.32697
0.582496
-0.57551
-1.8106
-1.51094
-1.61862
1.72965
0.467089
0.0822166
0.0347584
-0.676589
0.298438
-1.96644
-1.35241
0.607248
-1.22722
-1.0745
0.954574
-1.24769
-1.91333
1.39735
-1.47046
-0.0134378
0.0543573
-1.48998
-1.82707
-1.87458
-0.0735463
0.123801
-1.10261
-1.03821
-0.239452
-1.57195
1.82409
1.01273
-1.6512
0.626898
-1.04393
0.570296
-1.65575
-1.14685
1.04522
-1.57253
1.08783
-0.0719315
-1.95401
-1.9891
0.526422
1.9355
1.63653
-0.112091
-1.83943
0.542977
-0.284578
-0.81642
-0.528149
-0.460705
-1.88723
-1.31412
-1.41299
0.76171
0.981418
-1.72058
1.19186
1.17649
-0.1045
-0.957157
0.4785
-1.92384
-1.79564
-1.94736
-1.67063
-1.81318
-1.76442
1.82821
0.570993
-0.013517
1.80171
-0.492537
-1.276
0.147405
-1.21605
-1.45057
-1.47356
-1.27489
0.611437
0.939295
-0.816641
-0.615883
-1.4427
1.68718
0.00945651
0.556731
1.93725
-1.67673
-1.05442
-0.280373
-1.92461
-1.60497
0.753721
-0.0839638
0.900504
0.641967
-0.58765
-0.492718
-0.867146
-0.727266
0.486073
0.750616
-1.44407
1.47364
1.20843
0.926652
-0.0983274
-1.97742
0.739411
-1.54258
1.53729
-1.08582
-1.72929
-0.543968
-1.74661
-0.604639
1.18444
-0.396798
-1.96066
-1.97039
-1.85572
1.10602
-0.18722
-0.420691
-0.886233
-1.80806
1.05678
0.857961
0.813755
-1.0348
-1.84244
0.99701
-1.49639
0.912466
1.67701
-1.92898
0.939869
-1.74738
1.0408
-0.156409
-0.638665
-1.54904
-1.66429
-0.816848
1.58697
-1.51215
1.67543
-0.804138
0.771651
1.02123
-0.0786949
-0.394737
1.63802
-1.822
-0.923981
0.354391
-0.956741
0.71302
1.1585
1.54798
1.66211
-1.81393
-1.49276
0.794851
-1.93237
-1.26515
-1.44779
0.142213
1.9565
-1.88989
0.51397
0.0856657
-0.612604
1.77932
1.0303
0.65661
-1.87062
0.403715
0.170738
-1.98722
-0.821184
-1.0403
-1.87334
-0.374778
0.676701
-1.15508
0.691069
-1.60624
-0.282622
-1.94428
0.336305
1.09512
0.261117
-1.67808
-1.26955
-1.46576
-0.0585919
-1.18301
-1.26436
-1.16533
-1.74175
-1.42852
-1.77668
-1.20518
1.00756
-1.19846
1.19181
-1.27491
1.59166
0.283981
-0.57336
-0.196574
0.444754
-1.22472
1.22578
0.87128
-0.780951
1.49292
0.362378
-0.419763
-0.424958
0.717395
-1.24917
-1.14605
-0.822175
-1.23652
1.97412
0.0324346
-0.320843
-1.9001
-0.584409
-1.7097
-1.29228
-1.4684
1.14883
-1.95617
0.453107
-1.95934
0.0384585
-0.674014
0.738853
1.65202
-0.687349
-1.41425
-1.76023
1.12404
-1.2895
-1.0198
-0.505859
-1.35375
-1.12168
-0.13209
-0.573586
-1.45995
-1.19757
-1.99095
-1.22224
1.23644
-1.40856
1.04809
1.53411
-0.298679
1.14463
-0.942924
1.31552
-0.850599
0.593291
-1.8091
-1.55945
-0.970889
-1.71691
-1.64547
-1.84977
0.565568
-0.901928
-0.359448
-0.736887
1.88877
1.78149
-1.03777
-1.97299
0.292877
-1.74638
-0.766336
-0.137005
-1.73196
0.217256
-1.10297
-0.894185
0.423068
0.814538
0.639908
1.30338
-0.948276
0.868907
-1.25671
-1.79257
1.019
0.620711
1.00661
0.654248
1.12577
0.0681324
0.297201
-1.99693
1.37459
-1.32076
0.219699
-1.52322
-1.95682
-1.36495
0.996369
-0.296767
-0.972381
-0.182035
1.49508
1.75236
-0.735877
0.104608
-1.99183
1.25175
0.592945
0.817672
0.558401
1.46807
-0.957466
-1.38495
1.71507
1.17688
-1.72039
0.101228
-0.359056
0.513468
-0.21099
1.05895
0.438651
-0.258279
-0.0133607
1.48317
-0.853101
-1.38812
-1.51392
-1.00988
-1.8643
0.934005
-1.41965
-0.901756
-1.36549
-0.519616
-0.388692
-0.480365
-1.18797
-1.96824
1.79383
-0.567906
1.16415
-1.47574
1.08285
0.136162
1.45196
-0.204092
1.01756
1.04455
-1.87276
1.39628
0.917717
-1.59065
0.168148
-1.35382
-1.44483
-1.3938
1.48824
-1.34981
-1.95616
0.26664
0.302403
-1.89081
-1.34676
0.244934
1.59643
-1.21071
-1.34233
-0.368777
-1.48043
-1.75136
-0.909742
-1.88075
0.894915
-1.83517
0.55881
-0.934948
-0.295183
-1.87606
-1.95785
-1.7705
-1.67996
-1.83852
1.60792
-1.40373
-1.82757
-0.339109
-1.63093
-1.28295
-0.438114
0.90127
-0.455101
0.608223
-1.04525
0.530198
-1.74333
-1.39647
-0.142447
-1.58505
-1.14782
0.80077
-0.532775
-0.466101
-0.426568
1.04956
1.92706
1.10851
0.095269
0.900283
0.380016
0.63673
-1.98953
-1.46967
-1.86418
-0.838966
-1.03097
-1.88992
-0.649204
-0.014342
-1.4419
0.258784
-1.64387
-1.69802
0.556737
-1.6915
0.721181
1.86337
-0.445794
0.990521
1.61707
-0.409467
-1.24907
0.401852
1.16887
-1.76362
0.86264
-1.34954
-1.58573
-1.83129
-0.829113
1.38099
-0.0926235
-0.409639
0.994447
-1.98479
1.57623
-1.64002
-1.19353
1.49246
-0.840385
-1.46961
0.323842
-0.916207
-1.74043
-1.46603
0.558621
0.692237
-1.08149
0.168972
0.167457
-1.47529
-1.97326
-1.13492
1.52509
-1.20918
0.51359
1.47524
-1.76934
-1.52848
1.19514
0.452747
0.778185
0.475778
0.148655
-0.138112
-1.93218
1.16538
0.923961
-0.570405
1.13054
-1.51937
-1.11302
-0.757246
-0.433474
1.62287
0.663454
-1.93481
-1.78019
0.184861
-1.80874
-1.99592
-1.54012
1.70484
0.712641
0.874959
0.650504
-1.83796
-1.01315
-0.0684452
1.5888
1.0013
-0.0554706
1.5843
-1.86392
0.501356
-0.325961
-0.770909
-0.412479
-1.7525
-0.97891
-0.223024
-1.07981
-1.39083
1.26344
-0.472196
-0.66075
0.209371
-1.6267
1.40673
0.364798
1.62114
-1.55628
1.81344
-1.77508
-0.450186
1.5215
0.913991
-0.167552
1.00016
0.432624
-0.904515
-0.114576
0.864483
-0.113153
-0.546166
-0.887708
0.387391
-0.857982
-1.51953
0.355916
0.201159
1.36909
0.0886253
-0.181638
-0.255227
1.26965
1.01139
1.44251
0.0338015
1.41605
-1.19898
-0.998409
0.0439885
-0.630951
-1.1056
-1.83217
1.00653
-1.09625
-1.65147
1.00636
-1.39826
1.73137
0.66829
-1.6998
-0.863331
0.215601
-1.89933
-1.93932
1.22059
-1.8764
-1.56799
0.14727
0.787675
-1.75854
-1.82387
0.884465
0.716335
0.0835987
-1.62833
-1.84992
0.766113
-0.911631
0.98427
-1.51396
0.272523
0.903915
0.409322
-0.164486
1.209
0.959082
-1.08224
-1.22431
-1.43339
-1.67082
-1.86187
1.28815
0.208195
-1.15825
1.14694
1.58946
1.89854
1.73836
0.02114
0.847199
-1.32157
-1.42459
-1.98924
1.88912
0.162926
-1.6269
-1.54015
0.00790067
0.704492
0.815607
0.61046
1.14989
1.61959
1.05152
-1.45514
1.23852
1.0703
-0.529384
-1.94035
-0.59758
-0.360076
0.566358
-1.18978
1.54414
-0.721151
-1.11556
-1.1123
-0.404103
-1.031
-1.47275
-1.75263
-1.90876
-1.81649
-1.80555
-0.575004
-1.6857
-1.10953
-1.49113
-1.56139
-1.39835
-1.53174
-1.65281
1.04986
-0.912139
-1.42277
1.01855
1.31628
-1.50037
-0.884929
-1.41567
-1.42193
-1.87292
-1.73886
1.26703
1.44071
1.3568
1.68936
-0.411976
-0.36452
-1.71561
0.482576
0.1345
1.64531
0.407783
0.26917
0.252636
-1.52388
0.172571
-1.16178
0.183365
-1.35386
0.924274
-1.50547
0.749961
-1.64867
-0.979581
-1.49447
0.550373
-1.66737
-0.135634
1.55207
0.444283
0.833981
-0.695258
0.106035
0.363829
0.864159
-1.79954
-0.135706
-1.52545
-1.66844
-1.556
1.13141
0.616941
0.275038
1.80388
-0.964655
1.21196
-1.30844
-1.69285
-1.06843
-0.462409
-1.19446
1.38057
1.4829
0.0730736
0.541267
-1.98127
-1.88108
-0.670571
-1.89754
-0.884449
1.33368
0.319259
-1.93827
-1.47294
0.0940077
-0.324293
-1.9653
-1.36006
0.907405
0.82447
-0.957962
0.461145
0.271506
0.58622
-1.40241
-0.977758
-1.59979
-0.337972
-1.83637
1.17077
1.70043
1.40299
1.07309
-1.55994
-0.860097
-0.596976
0.628585
-1.46331
-1.81841
0.731362
1.46821
0.832714
0.736252
-1.74826
-0.897354
-1.26693
1.58487
-0.743798
0.76369
-1.02497
-0.170312
0.945429
-0.682962
-1.91678
-1.83864
-0.606626
0.464835
-1.54866
-1.55862
-0.992526
-0.548231
-1.29696
-1.51572
0.00561924
0.600244
1.69383
-1.81815
-1.6728
-1.70425
-0.0410431
1.86525
1.28242
-1.84038
-1.95558
-0.678323
1.91533
-1.67913
1.10629
-0.559144
1.1064
-0.187769
-1.06819
0.557847
-0.0141563
0.554397
1.18834
-1.70693
-1.16758
1.05982
-0.402946
-0.973966
0.444421
-1.55752
0.691587
1.2774
-1.81258
-0.838945
1.4885
0.840763
1.485
1.87112
1.36865
-1.02364
1.16656
0.942746
0.381338
-0.958504
1.94402
0.0134225
-1.19826
-1.60961
0.627851
0.978225
-1.74384
-1.75
-1.80002
1.4695
0.367711
0.484802
0.263169
0.356184
0.202857
1.24708
1.75434
0.45988
1.34036
-1.12188
1.20568
-1.91054
-0.892573
1.34096
-1.85023
0.80068
-1.78978
0.721965
0.999832
-1.5344
0.190628
0.259599
-1.35256
1.03976
-1.34564
-1.62352
-1.86465
-1.86371
-1.5038
-1.34421
-0.261163
-1.26152
-0.0358153
1.85378
-1.09122
-1.53176
0.696746
-1.88303
-1.94325
0.0117004
-1.43821
-1.34541
-1.51985
-1.65491
-1.37858
-1.60608
0.220747
0.566125
1.49229
1.29093
-0.150361
-1.95639
-1.75348
-0.404586
-0.0507195
0.940977
0.913445
-1.7655
1.33792
-1.60767
0.135912
0.973111
0.832264
1.6793
-1.69815
1.22942
-1.69606
-1.98625
1.38086
0.573589
-0.0349923
1.91897
-1.9863
1.80805
-0.0379038
-0.122574
1.73556
-1.70574
1.53512
-1.62631
1.46537
-1.18165
1.7143
-1.96022
-0.507963
1.47951
0.739939
-0.177
-0.389684
0.450923
0.23146
-1.17918
0.183699
-1.95359
-1.23454
-1.37396
0.258196
-0.320523
0.865659
-1.92616
-0.312875
-1.42375
0.797484
0.198369
0.221058
-1.73577
0.96003
1.25463
0.282246
-0.10868
-1.26144
-1.06023
-1.65962
-1.71646
-0.480017
-1.52437
0.482736
-1.88568
-1.47584
-0.0706822
1.31169
0.822222
0.851935
1.21212
1.49387
-0.277173
1.91572
-0.526373
0.803959
1.12672
1.30326
-0.119972
-1.21635
-0.239867
0.791478
1.48321
0.332837
-0.831073
-1.05896
1.51899
1.27887
1.50123
1.4667
0.944363
0.37624
-0.743249
-0.0623618
-1.21282
0.600364
1.17741
-1.84727
-0.320158
-1.24852
-1.63889
-1.9715
-0.982573
1.2749
1.62798
1.27958
0.564912
1.51937
1.87008
1.01316
-1.29418
1.59354
-0.778129
-1.82887
1.39829
-0.71242
0.941063
0.0868054
0.567356
-1.02673
-0.912668
1.69713
-1.78364
0.712285
-1.77621
-0.74521
-0.827365
1.50298
1.2645
-1.73447
1.13529
-1.08166
-1.56402
-1.66057
1.44452
0.43537
0.666282
-0.336751
-1.91174
0.518235
-1.48294
-0.293668
-0.0993661
-1.11215
0.633603
-1.17561
0.8211
-0.115714
0.581055
-1.60895
-0.546417
-0.115266
-0.724319
1.03442
0.910983
0.823111
0.31064
1.67827
1.94038
-1.82648
-1.84837
-1.48177
-0.938291
-1.23721
-0.446015
-1.37369
-1.74202
-1.63758
-0.249819
-1.94038
1.16036
-0.848681
1.07561
-0.170138
-1.60838
-1.59693
-1.38067
-0.303601
-1.7025
-1.65931
-1.74359
-0.832235
0.804733
-1.81885
-1.30013
1.92824
-0.909763
0.537167
1.74567
-0.835518
-0.572404
-0.454505
-0.654761
-1.82787
1.23517
-1.90903
-0.468745
0.593946
0.950434
0.779839
-1.86311
-1.23877
-1.65739
0.712933
0.869297
0.684516
-1.60421
-1.38227
-1.25119
0.831797
0.839199
-1.56804
0.220518
1.73149
0.94634
-0.983472
-0.0643711
1.70407
0.595729
1.64412
-1.82816
-1.13509
1.63406
0.905377
-1.47524
-0.826035
-0.876536
0.588091
-1.26082
1.81278
-0.960584
0.873205
1.82405
0.919453
-1.66308
-1.37532
-1.34509
-0.976163
0.0324786
0.949782
-1.3901
0.780506
0.0980416
0.534473
0.450475
-1.14599
0.241466
1.30537
-1.74553
-1.27646
1.03176
-0.0656192
-0.163167
0.972086
0.717082
-0.962879
-0.299214
-0.229172
0.823652
-1.50291
0.36755
-0.605609
-0.524032
-0.374559
-1.54982
1.10599
-1.76779
1.60744
-1.48985
-1.21738
1.55965
1.26239
-1.26748
0.999281
-1.85955
0.427988
-1.83273
-0.992445
-1.53482
-1.0857
1.31328
-0.941319
0.887287
-1.45121
-0.525082
1.24972
-0.411803
1.61413
1.09674
-1.80991
-0.816901
1.46996
-1.31486
-1.31265
1.8379
1.33842
0.91406
-0.821631
1.30466
-0.815806
-1.43685
1.29243
-1.59742
-1.57018
-1.33284
-1.82634
1.07317
1.55852
-1.16938
-1.31812
1.19434
-1.748
-0.00239482
0.928948
-0.714521
-1.78231
1.25645
0.904886
-1.55806
0.122349
-1.8611
1.7208
-0.52884
0.70237
1.35915
-1.755
-0.27554
-1.06722
0.0824604
0.282078
1.42909
-0.893142
-0.341414
-0.158773
1.24347
-1.42488
-0.758729
-1.17165
0.131184
-1.54304
-1.0367
-0.394551
-0.439565
0.610402
1.39949
0.407997
-1.69465
-1.68039
-1.90987
1.14854
-1.5492
-1.9223
1.58449
0.613631
-1.41628
-0.889111
1.27827
-0.390544
0.900905
-1.89464
-1.31863
0.408302
-1.2921
-1.99567
-0.0486141
-0.948954
-0.601436
-1.40715
0.637453
-0.844384
-1.54206
0.470441
-0.000219901
-1.15982
0.822592
-0.793081
0.772112
0.536025
-0.321669
0.452553
-0.378537
1.31155
-0.869138
1.29785
1.77756
-1.12305
-1.2769
1.23957
-1.56329
0.540891
-1.48453
1.34096
0.503649
1.4324
-1.11605
-1.49295
1.13515
-0.127159
1.92265
-1.93899
0.0855952
-1.85563
-1.67335
0.87802
1.18482
1.54455
-1.81222
1.01057
-0.792398
0.550649
-1.779
-0.0702472
1.48546
-1.51255
-0.479693
-0.732976
1.19823
-1.32299
-0.158669
-0.458454
-1.49444
-0.329314
1.1521
-1.92381
-1.46268
-1.24104
1.21733
-0.980868
-1.58709
-1.07774
-1.1335
-0.973849
-0.463982
-1.92586
-1.64549
-1.87053
-1.96227
0.422583
0.931683
1.58055
0.00279735
1.24288
1.44214
1.51362
-1.72734
-0.965636
0.536287
-0.689061
-1.18541
0.676768
-1.32368
1.04863
1.90942
-1.7014
0.479587
-0.00168196
0.86602
-0.529715
-0.824973
1.24546
-1.55699
-1.09134
1.69389
-1.11464
-1.47486
-1.08065
-0.947463
1.03001
0.91247
0.52927
-1.10326
-1.96445
0.162315
-1.4558
0.274104
0.954554
0.684814
-0.673921
-1.82574
-1.6109
0.58788
-1.9758
-1.43055
0.348764
1.13454
-0.870896
0.429085
-1.97465
0.86911
-0.515657
0.547709
0.120128
0.208757
0.156499
0.201301
-1.83298
-0.0621253
1.56978
-0.545997
-1.84614
-0.777511
-1.56828
1.4524
-1.40589
1.63039
-1.42201
-1.35289
1.31005
0.0674633
0.0710755
1.68838
0.476106
-1.62523
0.754375
0.135109
1.20175
-1.25161
1.55829
-1.05393
-0.158003
-1.27889
-0.486682
-0.443868
-1.57999
-1.43758
-1.8091
0.249493
-0.890794
0.210668
1.77065
-1.87626
1.07966
-1.98468
1.48789
-0.564805
0.947024
1.9842
-0.436893
-1.6248
-0.363505
-1.65121
-1.34151
1.54123
-1.45902
1.95956
0.393209
0.959365
1.43065
-0.568725
1.43967
-0.86318
-1.56183
1.26692
-1.44692
-1.56856
-1.93119
1.31818
-0.0398877
1.21065
-0.638998
-0.0423991
-1.08389
1.72847
1.13995
0.828682
-0.427163
-0.523698
1.65638
0.365854
0.95592
0.476921
1.07412
-1.93783
-1.3065
1.61292
-1.73676
1.54703
1.62019
1.27064
0.00753486
-1.54109
0.973066
1.55841
1.1989
-1.96999
0.257877
-1.8639
-0.473003
-1.08275
-1.6708
-1.97847
-1.12113
1.79792
-1.62797
-1.67362
-1.95984
-0.189387
-0.938693
-1.58062
-1.50418
1.01294
1.91206
0.188093
1.12371
0.165445
0.637906
-1.88727
1.11204
-0.642341
-1.99186
1.70132
-1.42917
0.539864
-1.32949
1.50823
-1.04453
-1.78112
-0.315199
-1.49659
0.279785
-0.847096
1.24264
-1.8108
-0.896902
-0.566995
1.86251
-1.25247
0.607443
1.3458
1.06272
-0.821077
0.778257
0.373568
-0.459566
-1.60746
-1.25895
1.57853
0.755049
1.78423
0.577927
-1.4258
-1.91763
0.459538
-1.73162
0.0995922
-0.297368
0.711526
1.2641
-0.19618
-1.98296
0.976788
1.4777
0.312218
0.120653
-1.7524
0.970663
1.04636
-1.28397
0.776005
-0.449158
-1.97467
-0.970681
-1.42603
-1.67923
-0.695715
0.622614
1.09122
1.44187
-1.87352
-1.29007
-1.12476
0.0880283
-1.73889
-0.0156828
-0.568329
1.28535
-1.28144
-0.0292032
1.28726
1.90192
-0.634217
-0.830481
-1.07969
-0.994015
0.438836
-1.15602
-0.175076
0.746904
-0.310582
-1.4518
-0.50016
0.124548
1.4468
1.07429
0.545484
-1.03517
-0.425233
1.01163
-1.42716
0.447999
0.628841
-1.97341
-0.878119
-1.49167
1.28295
0.256557
1.62369
1.9644
1.40213
-0.74531
-1.54877
-1.62538
-1.72426
-1.78992
1.51473
-0.661057
-1.64675
-1.80384
0.622219
0.704484
0.129465
-0.0739954
-1.76764
-1.56188
-0.442267
-0.175836
-1.54663
-1.61981
-0.11915
1.71581
-1.34941
-0.575074
-0.681222
1.45462
0.374147
0.0731541
1.82838
1.59323
1.43281
-1.79449
-0.281202
-1.94189
-1.80873
1.84183
-1.18221
0.568948
1.75269
-0.765743
0.572373
-1.69894
0.294837
-0.266839
-1.37402
-1.86361
0.510771
-0.739531
0.0508891
1.6705
-0.124178
0.874214
1.79438
0.1705
-1.99267
-1.40179
1.2025
-1.82978
-1.74862
-0.78078
-1.98627
-1.92858
-1.75891
-0.362066
-1.8964
1.37734
0.116152
-0.800247
1.61749
0.0408162
-0.52243
0.950428
0.464398
-0.579361
-1.55959
1.54253
-1.49191
-1.43406
-1.8856
1.2963
-1.60024
0.114497
1.26325
-0.743285
0.777895
1.02833
-0.036665
0.588725
-1.82616
1.7137
-0.381854
-1.31765
0.859072
-1.26407
0.263203
-0.0621206
1.39824
1.37605
-0.230861
0.670387
-1.31476
-1.5027
-0.295107
0.44513
-1.36334
-0.417663
-1.42251
-1.71512
-0.182714
0.635497
-1.18879
0.88019
-1.91682
-1.63639
-0.0405535
0.733403
-0.693065
0.159427
0.650767
-1.94381
1.28216
1.04868
-0.323403
-1.74304
0.872109
-1.82482
0.957566
-1.96944
-0.126895
1.0876
0.845573
-1.27135
1.25525
-0.518261
-1.99217
-1.17667
1.65414
-1.94918
0.340021
-1.18125
1.16992
-1.58932
-1.25628
-1.09276
-1.52155
-1.86258
1.65532
0.144665
0.476486
-1.11421
-1.88565
-0.308913
-1.7793
-1.72037
1.89411
0.641343
-0.948326
-1.11749
-1.13509
-1.54649
-0.111829
-1.36751
1.70849
-1.93179
0.315454
0.936572
-0.319118
0.872643
-0.342872
-1.99493
0.1883
0.608442
1.642
1.20766
-1.99104
1.03439
-1.89539
1.31988
0.204454
0.735808
1.13943
-0.932464
-1.11704
-1.15134
1.51219
1.06808
0.270623
0.553484
-1.97846
0.53565
-1.31547
0.120875
-1.87496
-1.79998
1.26384
-0.825104
-0.772534
-0.843085
-0.133606
0.493634
0.302327
1.13878
0.658552
-1.22725
0.0109115
0.80904
-0.921171
-1.78793
1.49493
0.171945
-1.12349
1.91714
-1.90035
1.32353
0.714543
-1.87139
-0.614299
-1.66548
-0.776905
-1.89354
0.992275
-1.71916
-1.01927
-0.159455
0.782674
-0.688309
1.1438
0.0455428
-1.90765
-1.03048
0.599987
-1.45039
1.88221
-1.66165
0.110585
0.384466
-1.42863
1.7571
0.592428
0.299759
0.616125
0.608547
0.559149
1.21785
-0.343566
-0.630102
-1.78654
-0.235883
0.425384
1.40637
1.5239
-1.87092
0.0299332
1.31978
-0.108296
-1.82996
-0.164489
-0.619603
-1.2963
-1.68786
-0.935341
-1.79868
0.73603
-1.64689
-1.11554
0.798974
0.804928
-1.01766
1.45881
-1.55425
0.721424
1.44169
1.57178
-1.82353
0.214551
0.785467
-1.57607
-1.88524
1.20575
-0.97131
0.51939
-1.69887
0.0095949
0.806915
-1.70029
0.934338
1.16449
-0.819072
-0.877337
1.84767
-1.851
0.950977
1.44757
-1.15105
-1.48021
-0.492384
1.41682
-1.96954
-1.84481
1.47811
0.988563
-1.08682
-1.21925
-0.142163
0.157328
-0.427088
-0.625638
-1.47987
1.25366
1.23721
-0.444381
0.856908
1.70416
-1.58613
-0.0465458
-1.74361
0.602905
-1.89925
0.744384
-1.80125
1.71255
-0.655125
-1.28816
1.00581
1.23849
0.982976
-0.234658
-1.19628
-1.45018
1.20649
0.853163
-0.943909
-0.64298
0.959184
-0.654468
-1.20665
-1.03179
-1.24171
0.816674
-0.0933751
0.821387
-1.95399
-1.30861
0.279807
-0.372526
-1.0465
1.15641
0.991546
-1.84617
-0.932874
1.31919
-1.43608
-1.67606
-1.74783
-0.404126
0.554899
-1.96948
-0.714286
-1.05445
-1.05482
-1.8099
1.25989
1.02876
1.32978
0.794037
-1.82847
-1.97159
-1.62826
-1.47148
-1.47291
1.07211
-0.872438
-0.609189
-0.924471
-1.39267
-1.43696
0.0992558
-0.717482
1.61027
0.342729
1.18202
-0.854035
-1.70593
-0.662931
-0.384659
-0.686265
-1.4661
-1.68206
0.442745
0.985114
-0.831718
-1.10545
-1.47545
1.27051
-1.56719
-0.881373
-1.69702
-1.53946
-1.87029
1.97939
-1.20659
-1.83387
-0.676014
0.697411
-0.407802
-0.402941
-0.349619
-1.98674
0.142194
0.174865
-1.72688
1.07202
-1.61857
-1.07413
0.243934
-1.79438
1.14297
0.570374
-0.665872
-1.97861
-1.99608
-1.56529
0.370251
-1.49164
-1.24201
-1.97753
0.937563
1.21159
-1.74012
0.472303
-0.659486
-0.665638
1.96728
0.0149957
-1.56179
0.706987
-1.49974
-0.863598
-1.66087
-1.392
-0.770988
-1.24706
-1.33861
1.24981
-1.36952
0.751996
-0.363237
-0.0472488
1.52093
0.0828734
0.747282
1.00822
-0.852102
-0.472872
-0.751075
-1.40564
1.55769
-1.52175
1.69699
-1.69203
0.595066
1.21963
-1.72372
0.808527
0.544501
-1.2816
-0.242203
-1.88474
1.63521
-0.180346
1.96082
0.872672
1.16263
0.941435
0.79878
0.489912
1.7408
0.265695
-1.42331
-0.0320652
0.478137
-1.76619
-0.846913
0.588122
1.83021
1.4286
-0.552006
-1.81056
-0.373265
-1.19191
0.174121
0.515472
-1.75357
0.752595
-0.612721
1.56715
0.547258
-0.514502
-0.702747
-0.111551
-0.882616
0.99733
-0.492569
-0.471133
1.53987
1.11226
1.24263
-1.93999
-0.555192
0.640216
-1.69278
-1.70368
-0.646798
-1.5065
-1.12164
-1.89313
-1.36686
1.58311
-1.36451
1.31262
1.51445
-0.833287
-1.12746
1.62503
1.65954
-0.260598
1.65903
1.24512
-1.76527
1.09667
-1.60635
-0.547808
-1.66934
-0.065963
1.53343
-0.87619
-0.185096
0.853243
-1.68772
-0.445647
0.057721
-1.32679
1.06167
-0.711604
0.851972
-1.30098
-1.68223
-0.371162
-0.383479
1.5007
-1.75025
0.896464
0.308365
-1.61741
1.21822
0.529514
1.65126
0.174656
0.54444
-1.70793
-1.1348
-1.80788
-0.0739756
1.48472
-0.886602
-1.39129
-1.81798
-0.970189
-1.03178
-0.624514
0.888788
0.0735306
-0.695135
-1.64017
-1.75082
-0.917292
-1.27185
-1.89187
0.517698
-1.87014
-1.83916
-1.80344
-1.46072
-1.54949
0.419714
-0.835761
-1.89325
1.22459
-1.45957
0.890363
0.293003
-0.991967
-0.907742
-1.00737
-1.35092
-0.41388
1.81374
1.54861
-0.439502
-0.0125044
-1.90985
-0.163494
0.500273
1.77125
1.40222
0.500756
0.614119
0.0746659
-0.0721147
-0.571276
-0.924628
-1.59741
-0.187635
-1.38582
-1.38359
0.716468
-1.69201
-0.804321
-1.86539
-0.0289106
-1.3371
-0.178541
0.073059
-0.700352
1.21471
1.96893
-1.03282
-1.57382
-1.99293
-1.83064
-0.0627084
0.166458
0.273499
-1.67042
0.884325
1.48999
-0.627427
0.845798
1.40584
1.69503
0.904922
1.49279
-0.328688
-1.03751
-1.45362
-1.3759
1.11673
-1.52885
-0.564357
1.61813
-1.35167
-1.14855
0.702263
1.72889
-0.200844
1.63033
1.1358
-1.21398
0.429572
-1.85898
1.11833
-0.837118
-0.32446
-1.19143
0.17337
-0.458087
-0.566485
1.35121
-1.86383
-1.34884
-0.0775139
1.97098
0.315004
-1.83552
0.801989
-1.64127
1.04385
0.520396
-0.0172823
0.56071
0.448878
-1.0556
1.76194
1.38976
1.45023
1.68145
0.302675
-1.05575
-0.640323
-1.03597
0.396336
-0.16889
-1.70953
-0.39253
-0.300928
-1.16332
-1.10772
-0.8559
-0.581371
1.6843
-1.76122
-0.4491
-0.211255
1.75226
1.69925
0.131059
1.49511
0.206173
-1.3612
-1.22327
-0.675974
-1.63694
-0.465136
-1.98929
-1.8514
-0.688288
-1.62438
-0.22395
-1.61349
-1.33194
-1.53828
-0.337763
1.20231
-1.86079
-1.94593
-0.542326
0.529082
1.63163
0.803017
-1.0991
0.587186
-0.799391
1.14857
1.48026
-1.82824
1.69301
0.612328
-0.406936
1.98443
-0.697752
-1.43964
1.05748
0.0971861
0.233984
1.16968
-0.38761
-0.242902
-0.210824
-0.726736
1.26073
1.53149
-0.157382
-1.92765
-1.78628
-0.841089
0.861176
0.356407
0.851252
-1.0766
-0.447419
-0.628952
-1.64312
-1.98027
-1.67711
0.684027
-1.97269
0.363105
-1.57251
-1.75306
-1.55978
1.40768
-1.38987
0.703943
-1.94785
-1.0587
-0.938046
1.86137
-0.587289
-1.76067
-1.62723
-1.3734
0.69444
0.769977
0.116604
-0.882401
1.088
-1.01229
0.987558
-1.55895
-1.90667
0.457004
-0.0153848
-1.92599
1.47452
1.4859
0.0478828
1.3418
0.16551
-1.07502
-1.84509
0.848517
0.290394
-1.41825
1.67603
1.30988
0.236089
-1.77943
1.49801
-0.676826
1.45742
-1.88189
-1.24713
0.618017
1.095
-0.796415
1.18916
-1.43131
-1.82744
-1.51114
-0.823561
0.149077
-0.377557
0.0597451
-0.887979
1.2117
-1.22389
1.51112
-1.64586
-0.0438491
-0.0323119
1.7563
0.639093
1.74107
-1.04485
0.747499
-1.59585
-0.697549
0.933276
-0.715244
-1.02951
-1.94252
-1.18698
-1.22219
-0.200807
1.28831
-1.20556
-1.97309
0.221898
0.278822
-1.07508
0.96935
0.690165
0.690697
1.31892
-0.905118
0.858802
1.33931
-1.26783
-0.337279
-1.78381
-0.498507
-0.248802
-0.87042
-1.05328
-0.81825
-0.571075
-1.88421
0.945163
-0.670649
-1.89535
-1.82842
-1.1429
-1.79787
-0.911672
-1.53154
-0.322155
0.296635
-0.906187
1.52535
1.22641
-0.677074
0.879719
-1.898
-0.233122
0.0689675
1.20558
-1.85472
1.49372
0.80958
1.72173
-1.57578
-0.0606197
-0.80956
1.75921
-0.285931
0.800056
1.88025
-1.40827
0.477028
-1.62944
-0.0652511
1.04983
-0.995726
0.862644
0.79855
-0.988727
-1.96089
-1.54282
-0.727575
0.073945
0.584521
-0.307517
-0.557651
-1.3076
-1.83032
-1.65948
0.208216
-1.61425
-1.14871
-0.974042
1.24645
-1.11155
-1.77754
-0.909948
0.208796
1.44207
-1.59994
-1.09545
0.919695
-1.90393
1.14806
-1.13296
-1.51363
0.271132
-0.0948501
1.23414
-1.22782
0.286671
-1.5513
1.73446
-1.79887
-1.63246
-1.93099
-1.80881
-1.92963
1.19212
-1.89171
-0.802038
-1.72042
-1.80145
0.0995092
-0.145572
-1.35553
1.57854
1.12976
0.340739
-0.384388
0.920719
0.302273
-1.81089
-1.5392
0.302622
-0.799002
1.10934
1.20014
1.47731
-1.89139
1.45624
0.391461
-1.57897
0.683621
-1.38173
1.07659
1.09458
1.87922
-0.249069
-1.65091
-0.42926
-0.949581
-1.42191
-1.77233
-1.62178
0.154128
1.8708
-1.93627
-1.54645
1.44457
-1.87163
1.09431
1.37454
0.91768
0.518779
1.12156
-1.87543
1.57259
1.44461
0.770635
0.852553
-1.87242
-1.32502
1.52244
-0.832628
-1.27645
1.26785
1.08394
1.88335
-1.19139
-1.06931
0.855315
0.0604422
1.38982
-1.30078
-0.939694
-1.27873
-0.219936
1.32797
-1.66347
1.43258
-1.03685
-1.98644
1.31639
0.988645
0.93749
0.282069
1.63427
-1.4811
1.40109
0.821579
-0.775994
0.750366
-0.565184
-1.38243
-0.79168
-0.0914179
-0.687048
-1.13663
-0.775696
-0.394401
0.0953622
0.00497579
1.02129
-0.165165
0.516488
0.93736
-0.241809
-1.03356
-1.48622
-0.530742
-1.17515
1.73042
-0.829547
0.692345
0.467365
-1.02016
1.6377
-0.85307
0.733567
1.11195
1.4064
-1.48667
-1.2927
-0.0891037
0.0630599
-0.410316
-0.901565
-1.42681
1.3156
1.33237
-0.420981
1.35427
-1.58125
-1.35861
0.28091
-0.553647
0.176618
0.912446
1.48781
-1.04388
-1.53289
-1.30805
-1.93846
-1.97231
-0.827283
0.681001
-1.73292
-1.28105
1.43853
1.21644
-1.47639
-1.63376
-1.66164
-1.62399
0.702283
-1.10514
-1.11677
0.567264
0.104572
-1.49923
-1.29937
1.37028
1.78073
1.42878
-0.611785
-1.89605
-1.41113
0.69376
-0.944665
-1.67353
-0.313244
-0.435147
-1.77873
-1.87087
1.79748
1.14286
-1.4
-1.84211
0.857386
0.689513
0.618232
-1.92038
-1.52921
-1.99334
0.689175
-1.54464
1.41718
-1.30287
0.408301
-1.35461
1.21105
-0.683205
1.1774
1.09322
1.00583
1.4138
-0.229942
-0.869635
-1.97226
-1.10205
0.556659
-0.785642
-0.343688
0.621898
0.510219
1.34318
1.51457
-0.132512
1.54748
-0.753176
0.71734
-1.98046
1.56811
-1.87486
-1.38974
-1.64757
-1.90231
0.904604
-1.34011
-1.70005
0.398535
-1.64547
-0.939102
-1.1657
-1.64638
-0.188746
1.56387
1.33707
-0.90632
0.253225
0.309844
0.588563
0.768373
0.122298
-0.594951
-0.982025
1.91594
-1.99315
-0.549157
0.992627
-0.455552
-0.438539
1.70536
1.08413
0.705582
0.114541
-1.85936
0.999118
0.794806
-0.060079
-1.3628
-1.59661
1.45094
-1.87417
1.4032
-0.262584
0.522113
-1.85605
-0.106942
0.247574
1.59847
-1.64704
-1.25423
1.10936
-0.218145
-1.9226
0.762873
-1.76552
-1.01489
-1.1929
-0.91109
-0.0595078
-1.75851
1.01807
-1.94907
0.354382
-0.778319
-1.89102
1.44836
-1.05363
-1.02334
-1.56303
-0.306861
-1.84799
-1.55866
1.73655
-0.606214
-0.516768
0.923103
1.54521
-1.03123
0.765843
1.87123
-1.91169
-1.74805
-0.461569
1.36862
1.20912
-0.799614
-0.87835
0.153957
0.140091
0.880073
1.80876
-1.0471
-1.28971
0.769413
-0.380693
-1.903
-0.199606
0.841251
-0.817324
-1.17938
0.123646
-0.760103
-1.54407
0.944981
-1.99229
-1.78136
-1.78389
1.38305
1.74041
-1.72582
1.128
-1.69933
-1.55566
-0.823767
1.08007
-1.4082
-1.10431
1.15945
1.24761
-0.816699
0.853412
0.114882
-0.0571499
0.571323
0.473947
0.729414
-1.78118
-1.84459
-1.85889
1.10987
1.16323
-1.15275
0.382231
1.67379
0.474714
-0.162666
1.06028
1.32572
1.48448
-1.57159
-0.603575
1.08053
-0.918099
-1.83781
-1.40246
1.34427
0.977509
-0.597634
1.81819
1.21154
-1.96395
0.209274
0.180063
1.59537
-1.43038
1.33463
-1.73881
-1.52742
-0.456783
-1.64619
-0.0458343
-0.103049
0.935472
-1.00834
-0.792476
1.51249
-0.448179
-0.76635
1.74535
-0.735868
0.768283
0.330236
-0.080658
-1.86396
-1.53704
-1.34036
-0.487921
-1.63205
1.44296
-0.84116
0.239992
-0.593152
1.82718
-0.309314
1.17527
1.26452
0.501438
-0.497577
-1.52019
1.78058
1.44529
1.53927
0.794301
0.25245
-1.19132
1.33116
0.582013
1.30886
0.972161
-1.52846
0.373513
1.47641
0.00326527
1.67716
1.3811
-1.11682
1.71368
-1.86157
-1.75019
0.501931
1.1475
1.5257
0.473972
0.430727
-0.457022
-0.708704
0.634143
-1.28522
-0.567804
-1.86829
-0.495545
-1.45404
-1.91151
-0.353953
1.07842
1.06499
-1.86697
-0.80631
-0.345342
0.838233
-1.82641
-1.69831
-0.643755
1.23571
-1.97544
0.70986
0.658375
0.239927
1.13037
-1.59076
-0.315261
0.209604
0.496407
-0.371614
-1.98685
1.37828
-1.40808
1.00719
0.900502
0.824497
0.816713
0.88854
0.465846
0.701649
-1.30803
0.725248
1.38857
-0.115364
-1.63648
-1.98467
0.149037
-0.470841
-1.78113
1.84896
1.05333
-1.65329
-0.270668
-1.13653
-1.42927
-1.92848
1.74664
-1.90012
0.912154
-1.69564
-1.89162
-0.00509547
-0.685942
0.296752
-0.929163
-0.77593
0.566722
0.117915
-1.48959
-1.08597
-0.626533
0.794725
-0.472033
1.39109
-0.622539
-0.250958
1.05683
1.48095
1.72141
1.21107
-1.27659
-1.38237
-0.947323
0.665624
1.29351
0.821225
1.65843
0.728225
1.10519
-1.98211
-1.48737
-1.60551
1.13341
-1.88648
0.962684
0.723655
0.919084
-0.920295
-1.70822
-0.545377
1.04582
-0.383354
-1.80903
-0.352874
1.87089
-0.560607
0.254005
0.576172
-1.9139
-1.33291
-0.484579
-0.376738
1.24043
-0.0228898
-1.69015
0.365765
-1.84274
0.782938
-1.13904
-0.516457
-1.51831
1.19392
-1.4907
-1.64178
-0.288405
1.91629
1.18405
-1.69879
-1.36049
1.35018
-1.99525
0.0230015
1.02531
1.29849
-0.69115
0.967921
-1.9421
-1.87823
1.46511
0.240012
0.131286
-1.49228
-0.985626
-0.893193
-1.02374
-1.64046
0.15439
0.20751
-1.74216
0.983436
1.78016
-1.7504
0.983879
0.674451
0.318679
-0.274525
1.56987
-1.71995
1.50162
0.118278
-1.52847
0.198035
1.41213
-1.36521
-0.716823
0.392595
1.41747
1.20879
-1.21101
0.146944
1.64185
1.24034
-0.308106
-1.67245
0.349151
-0.640476
0.259114
1.05809
-0.191897
1.39154
-0.956621
-0.584934
-0.558049
1.56862
-1.81368
1.66171
0.429894
-0.966541
0.704229
-1.32482
-1.86265
-1.35127
-1.80848
1.55512
1.60942
-0.953212
0.0670071
1.41157
0.0639573
1.07329
-0.244198
-1.66735
-1.69135
-1.46023
0.73891
1.02493
-1.28738
0.636612
-1.92341
-1.1483
-1.97183
0.866215
-1.91905
0.762558
-1.94286
-0.220169
1.91968
0.475679
-1.76599
-1.17888
-1.59224
-1.15456
-1.7651
1.49001
1.48327
-1.59724
-1.32174
-1.75046
-0.662542
1.70231
-0.470145
-1.74413
-1.93458
-1.5789
-1.05918
1.09539
0.634046
-0.852762
0.262842
0.884157
1.21741
1.07111
-1.52008
-1.48624
1.09055
-1.47775
0.347638
1.66559
1.1323
1.54987
0.646041
0.378097
-0.824073
-0.077838
1.90823
1.85124
-1.60093
-1.85873
0.230808
1.15596
0.959892
0.536684
1.11878
-1.144
0.318098
-1.67189
0.601285
0.800302
1.26556
0.210581
-1.69647
1.3574
1.62399
1.527
-1.84863
0.750811
-0.904836
-1.99489
0.855431
0.105656
-1.98316
-0.5116
-1.79876
-1.42621
0.56875
-1.55447
-1.58545
1.01573
0.829598
0.450127
-1.87297
0.580808
0.714276
-0.223164
-1.51111
0.36464
-0.184828
-0.74666
-0.567945
-0.45803
1.95406
-0.872112
1.12376
1.97589
-1.54676
1.8844
-0.0264677
1.17464
1.32813
0.142007
-0.401242
1.3782
-0.182028
-1.19092
0.0487538
-0.925559
-1.6342
1.02817
0.818293
-0.928067
1.4213
-0.260231
-1.71285
-1.53632
-1.04306
0.43549
-1.80638
1.21562
1.28057
0.705259
-1.59393
-0.0478074
-1.9891
-0.106625
0.4187
-1.86281
-1.58604
1.12924
-1.80973
-1.79849
1.02154
-1.60441
-0.828228
0.277521
-1.23054
-1.81623
-1.23565
1.79258
-1.18484
-0.945716
1.66285
1.63149
0.716914
-1.62903
0.368859
-0.0394624
1.45149
1.30288
0.508538
0.947699
0.417373
-1.7453
-1.82938
-1.54419
1.38606
-0.909754
-1.42044
1.93308
0.465989
-1.97817
1.57472
1.0189
-1.50539
0.839051
-1.09868
-1.46473
0.392453
-0.562981
0.368792
1.3724
-1.37212
0.386983
-1.6789
-0.540235
0.358563
-0.793657
-1.13851
0.287526
-0.845483
-0.880225
-0.954857
-1.44366
-0.990796
-0.869856
-1.41801
1.13198
1.26537
-1.74945
-0.325206
0.496893
0.972773
-1.83365
0.879302
1.5871
0.366116
-1.86176
1.38649
-1.77252
0.821308
0.649975
-1.81479
-0.779101
-1.21159
-1.97352
1.26889
0.461332
0.277786
1.25946
-0.261981
-1.55316
1.26417
1.44029
0.127718
0.867868
-1.32511
1.8924
-1.4201
-1.5971
1.24208
0.428943
-1.47835
0.099104
-0.399126
1.83309
-1.30106
-0.323734
-1.89477
1.30881
1.30794
-1.95349
-1.01936
0.75853
-0.360048
-1.54144
1.09128
-0.184979
-1.83235
-0.703399
-1.22671
-1.91988
-0.73616
0.147064
0.852394
1.03196
-0.22369
-1.37545
1.84767
-0.290727
-1.81072
0.908573
-1.30399
-1.27451
0.84044
-1.10792
0.811703
-0.128885
-1.76515
-0.915738
1.53853
0.076704
-0.725968
0.930136
-0.386632
0.420393
0.733677
-1.93795
-1.56426
-0.735829
-1.63015
-1.75265
-1.18378
1.78761
0.884455
-1.85789
-1.58002
-1.94683
0.236133
1.74609
1.97422
-1.74404
-0.572285
0.918495
0.992877
-1.98906
1.01003
0.821875
-1.20643
1.26598
-1.34098
-0.540641
-0.251384
1.06329
0.780555
-1.93608
-1.96076
-1.71883
0.674147
-1.89851
0.0260183
-1.87595
0.689669
-0.380859
0.573765
-1.2042
-0.497523
-0.282633
1.38562
-1.52543
-0.116001
-1.35265
1.70922
0.729393
-0.80196
-1.49795
1.58859
0.702799
-1.24248
0.489548
-1.36664
0.27835
-1.32347
0.675194
1.01973
-1.90499
-1.21635
1.42623
1.19066
1.49639
-1.90702
-1.4212
-1.23763
-0.58263
-1.76802
-1.96325
1.65288
-1.66761
1.14271
0.837849
-0.338022
0.518323
0.70853
-1.22584
-0.488305
1.1924
-1.6697
1.16231
0.208116
-1.23406
-0.940759
-0.183036
1.35068
0.666596
1.02985
-1.10754
-1.26156
0.892177
-1.38389
0.575449
0.374316
0.956757
0.781379
-1.83491
-1.60077
-0.815648
-1.02074
-1.49737
-1.59552
-1.54816
-1.71405
1.28326
0.966544
-1.98179
-1.241
1.72027
1.74644
-0.381153
1.73664
-0.0264693
-0.024586
-0.491437
-0.289936
-0.942853
1.14815
0.4653
-1.82638
-1.94527
1.81006
-1.99722
-0.936409
0.728214
0.0694512
1.01566
0.622926
-0.358626
-1.34782
1.75723
0.744699
-1.21934
-0.721574
-1.09497
0.945939
-1.42074
1.69765
-1.76245
-1.1757
1.07093
-1.15425
-1.92223
-1.54441
0.594557
-1.91777
-0.132863
-1.37494
-1.83483
1.80139
0.664851
1.7536
-0.812597
1.2593
0.326084
1.95204
0.484991
1.55631
-0.514526
-0.138662
-1.52503
0.635234
-0.205869
0.555456
1.32885
-1.88663
-1.99635
-0.888305
-1.07523
-1.85353
-0.98892
0.967183
-1.39446
-1.28762
-1.48465
-0.581086
1.80315
-0.995399
-1.26398
0.442267
0.891561
-1.64025
-1.04938
1.48577
0.948521
1.84685
1.08512
1.93923
-1.92246
-1.46445
1.68762
-1.34421
0.631755
0.632444
1.42957
-1.57543
0.737062
0.295302
-1.05227
0.669754
-1.37916
-0.183108
0.762209
0.20745
-1.25693
0.745082
-1.52886
-1.80297
0.951382
-1.75139
-1.50108
0.65104
0.443259
-1.3859
0.0728622
-1.17274
1.34855
-1.62554
0.694437
-1.40128
-0.927292
-1.46198
-1.7779
-1.37418
-1.54457
-1.47113
1.09793
-0.555308
-0.102535
1.25215
0.575519
-0.609482
1.4242
-1.39411
-1.67729
1.10771
-1.10492
1.73195
1.44514
-0.961598
-0.769037
0.578624
-0.245171
-1.83942
0.823441
-1.91742
-1.40708
-1.73477
-0.341695
1.16701
0.845235
-1.71455
-1.5532
1.14971
-0.516345
-0.994592
-0.829695
-0.255214
0.634631
1.2368
1.55551
-1.98608
-0.739586
0.664362
-1.88298
-1.07489
-0.148698
-1.51299
-0.156291
-0.320934
-1.20265
1.55332
-1.5767
0.678738
1.63231
-1.50756
-1.92041
-0.406128
-1.69403
1.25629
-0.942125
-1.51714
0.640786
-1.93935
1.31557
-1.58032
-1.39804
-1.63963
-1.83382
-1.48706
1.00168
0.569309
0.261672
0.166854
1.62477
-1.71127
-1.53957
-0.730502
-0.751759
-0.102171
-1.06947
-1.97788
-1.15825
-0.435382
-1.95859
-1.94198
-1.37823
-1.97111
0.307522
-1.96995
-1.81134
1.08184
0.899848
1.66818
-1.52586
1.52804
-1.83389
0.90462
-1.31654
-1.03877
0.488976
-0.986705
-1.87772
-1.93061
1.86195
1.48265
-0.124546
-1.13694
0.901409
1.52275
-1.13991
-1.85831
-1.58872
-0.623963
-1.52219
0.946953
-0.694021
0.378667
0.791248
0.345159
-0.504181
-0.00715695
1.12242
-1.94761
-1.50951
-1.63014
1.30231
-1.43078
1.24308
-0.436835
0.200636
0.298242
0.168226
-0.855804
1.17669
-0.986426
0.452232
-0.27839
1.11019
-0.733169
-0.284121
0.917435
-1.61676
1.38686
-1.93718
0.742507
-1.68307
-0.850965
-0.859091
1.11534
-1.82526
0.984479
1.37141
1.2254
1.10002
-1.66688
1.56552
-1.19141
0.0178138
-0.143
0.0312527
1.39829
0.453029
1.37486
1.82002
0.529729
-1.74606
-1.89866
-1.61641
-1.28753
1.20888
-1.69782
-1.7185
0.0749485
-1.93896
-0.396174
0.608078
-1.53945
-0.653371
-0.924915
-0.874516
0.894429
-1.28186
0.79499
-1.16044
-1.90057
0.25793
0.645263
-1.3458
0.101135
1.53909
1.16884
-0.0855351
-0.332396
-0.0800259
-1.86149
-1.19599
-1.8026
1.9197
-1.25099
0.633316
-1.61594
0.676595
1.09831
1.26494
-1.84311
-1.77833
-1.76778
1.89744
0.0913771
1.13696
-0.518425
-0.0276632
0.802141
-0.298354
-1.75102
1.38942
-1.84308
-1.46436
1.18429
-1.033
-0.917919
-1.16039
-0.658239
1.49882
0.128131
-0.778489
-1.81279
-1.09291
-1.07044
0.00834053
-0.0579278
0.289228
1.9283
-0.754847
-0.600764
-1.91058
-1.08107
-0.620149
0.0134524
-0.767802
-1.85421
-1.64739
0.309799
0.738015
-1.84182
-1.38647
-0.901122
-0.55746
0.958087
-1.88862
1.70496
0.273448
-1.78705
-1.5874
1.20719
-1.29783
-1.85184
-1.55452
-1.24463
1.78906
0.977994
1.5243
-1.8702
0.365144
-0.0132634
0.412399
-0.0705592
-1.92578
0.770561
1.00781
0.471484
0.580196
1.35425
-1.80345
-1.76875
1.19073
1.21
0.493451
0.0754331
-1.0792
-0.760397
-1.32473
-0.47988
1.41555
1.78928
-1.5673
-1.65231
1.7682
1.76685
-0.396964
-1.62154
1.38519
-1.23595
-0.29898
0.0530434
-1.8746
-1.83685
-1.31377
0.607942
1.67128
-0.9091
0.762961
-1.70632
0.325509
-1.74924
-1.29321
-1.20553
-0.140563
1.74005
-1.08045
-1.5825
-0.922401
0.555919
-1.98255
-0.999794
0.343509
1.13452
-1.40994
0.662953
-1.5028
-0.654455
-1.35837
0.125832
-0.690696
1.16111
-0.905087
-0.663168
1.77195
0.491155
-0.217622
-0.689315
0.894962
-1.88423
-1.91729
-0.49227
-1.86513
1.66922
-1.67535
1.37336
-1.9968
1.34716
-0.448828
-1.78058
0.599165
-1.50671
-0.515629
-1.79644
-1.35603
0.224995
1.33344
0.32122
-0.268427
1.49511
-1.94271
-0.0494332
1.96314
1.03267
-1.91386
-1.04556
-1.36126
-1.01789
0.280837
0.445162
-0.935364
-1.64506
-1.36964
-1.4276
0.644146
-1.72309
-0.888082
-1.96552
-1.2443
-1.6048
-1.04444
-0.696656
-1.64064
0.552018
0.232867
-0.616885
-0.922607
-0.667458
1.59306
-1.88516
0.177203
-1.60599
-1.99021
1.64197
-0.937316
-1.75162
-1.78452
1.59771
-1.44368
1.72899
1.69318
-1.89871
1.4638
-1.55763
0.137811
-1.92807
0.199202
0.362191
-1.9159
1.22793
-1.93205
1.26002
0.239461
-0.540037
-1.27987
-1.66417
-0.554501
0.212713
0.333984
-1.70583
-1.42888
1.26836
0.611653
-1.88325
0.692375
0.350645
-1.17208
-0.787773
-0.00691047
-1.42904
1.04615
-1.15829
-1.33032
1.80587
-1.99397
-1.15579
-1.44338
-1.60483
1.2925
-1.63144
1.74229
-1.05207
0.463748
0.732959
-1.77303
-0.121817
1.17041
-1.51587
-0.65173
-0.873296
-1.49293
0.995926
0.418991
-0.0330349
-0.885859
-1.67582
-0.851593
1.55162
-1.74732
-1.95749
-0.785701
-1.06118
-1.27681
1.04657
-0.52485
-1.21619
1.35623
-0.707599
-1.4675
-0.585425
0.143851
-0.133847
1.3581
-1.35912
1.4097
-0.753201
-0.407962
-0.848328
0.664445
-1.70028
-1.78408
0.424023
-0.117331
-0.75466
-1.72348
-0.409793
-1.40674
-0.280559
-0.852566
0.278201
-1.81862
-1.74286
0.392862
-1.02675
-0.999875
-0.116708
-0.603581
1.07387
-1.20162
-1.70211
-1.74467
1.47931
-0.641425
0.133258
1.5286
-1.13517
-1.33866
0.327269
1.23039
1.43859
0.223966
-1.44285
1.77713
-1.63782
0.834447
-1.78348
0.448485
-1.25253
-1.63809
-0.898926
-1.00897
-0.768257
0.751795
0.264743
-1.59778
0.645629
1.14276
-1.90119
0.151645
0.360428
-1.64112
-0.0203191
-0.291958
0.777485
1.86848
-1.36075
-1.02509
0.91254
1.05827
0.981092
-1.14457
-0.0441676
0.574542
-1.23272
1.21516
-1.14138
-0.424254
-1.31783
0.853049
-0.458638
-1.50319
0.199263
1.40696
0.152166
0.597018
-0.549384
-1.38209
1.04049
-0.179771
-1.27147
1.09204
-1.78472
0.132564
0.40136
0.024158
-1.83651
-1.65312
0.454131
-1.61141
-1.234
0.40225
-0.798054
0.575116
0.995363
-0.952531
1.09629
-0.879949
-1.63648
-1.18207
-0.828828
0.216026
-1.64058
-1.34791
-0.844661
-1.23829
1.76026
-1.39753
-1.89087
1.65787
-0.300101
-1.22941
-1.45066
0.78546
-1.49526
-0.871492
-1.8927
0.511935
1.41968
0.657174
0.709867
1.42009
-1.90729
1.3228
0.0415814
-1.11739
-1.71376
-0.69666
-0.929627
-1.99992
0.240669
-1.6418
0.45716
1.61446
-1.60621
-0.195952
0.727224
-1.35128
-0.57107
-0.210261
-0.898756
0.0855717
-0.0843472
0.272966
-1.73699
-0.231222
-0.286014
-0.46784
-0.891071
0.952915
-0.716264
0.254124
-1.84791
-1.75824
-1.78885
0.0157544
1.41953
-1.84336
0.98056
0.294347
-1.67818
-1.72226
-1.64359
-1.74264
1.24538
-0.908341
-1.66418
-1.6786
-1.51775
1.53869
-0.747554
-0.0474671
0.716344
1.70984
1.56847
-0.189911
-0.658247
0.708036
1.15105
-0.282513
-1.58357
0.915987
-1.89196
-0.0428835
-1.06247
1.23469
-1.32209
-0.0781315
1.29206
-0.694698
-1.81356
0.907925
-1.10803
0.792815
-0.0785154
-1.54809
-1.06142
1.91778
-0.00234984
-1.82889
-0.609815
0.913658
-1.02784
-1.78989
-1.44825
-1.8514
0.711944
1.16439
-1.57433
0.415618
-1.22169
-1.27548
-1.9971
1.35706
-1.69789
0.166718
-0.211982
1.19335
-1.85538
-1.11076
0.866166
0.568761
-1.80174
-0.97634
0.404722
-1.90094
-1.90264
0.244459
-1.78994
0.482582
0.466413
-0.958885
-0.928887
-0.688212
-1.35843
1.1647
-1.62384
0.933738
-1.98161
-0.680334
-0.475506
-1.02166
0.120672
-0.196088
-1.43013
-1.6993
-1.88519
-1.75351
1.93557
1.19229
1.20484
-0.303882
0.0977407
-0.469239
0.28774
-0.210816
0.774901
1.80659
-1.48749
1.37131
0.842179
0.0019082
-1.28664
-1.34005
-0.472016
1.24754
-0.900016
1.15433
0.322399
1.21457
-1.18236
0.176996
1.12487
-1.9523
0.8262
0.908135
1.00649
1.32743
0.871439
-0.115336
-1.37257
-1.89923
0.711824
1.6461
-1.33086
-1.46426
1.06089
-0.847884
-0.221158
-1.76572
-0.584535
-0.607188
-1.49262
1.00153
1.7099
1.43219
0.81783
-1.21091
-1.46216
-1.97796
1.50826
-0.694478
-1.23597
-1.39976
-1.32936
1.57637
0.450132
-1.53092
-1.00826
-1.0319
-1.53548
-0.311126
0.868022
1.53288
-1.60747
1.24139
1.0191
-0.899014
-1.86259
0.941718
-1.80709
0.466548
1.42851
-0.031062
-1.51721
-0.912429
-0.648318
1.6722
-1.08843
1.85857
-1.63439
-1.67427
1.04613
0.88496
1.63011
-1.87649
-1.96682
0.735486
1.20377
-1.26879
-1.56743
-1.89815
1.27471
-0.300019
-1.98349
0.846768
1.26409
-1.57955
1.37004
1.68216
0.236811
-1.60393
0.224764
0.731727
-1.71083
-1.98841
-1.89347
-0.175374
0.813646
-0.323096
-0.544834
-1.18847
0.990098
-1.3468
-1.40121
-0.902543
-1.12362
1.32967
-0.858442
0.740953
1.25658
-1.31468
-1.2937
-1.85744
-1.55658
-1.55577
-1.38281
-1.91915
-1.70841
-1.86377
1.74829
-1.62878
1.56982
-1.83883
-1.83303
-0.495449
0.771859
-1.87576
-1.26137
0.107025
-1.44245
-0.933296
1.33072
1.62039
-0.902273
-1.06506
-0.945928
1.26934
0.726758
1.42792
-0.0533944
-0.515268
-1.08741
-1.8152
1.40846
-1.88137
1.19584
0.399943
-1.92835
-1.81966
1.20164
0.738915
-0.890548
0.722732
1.79477
1.20523
0.923337
-1.82685
-0.401811
-1.03095
-1.3051
-1.05685
-0.901845
-0.995351
-1.80411
-1.15245
-1.31317
-1.77148
0.384227
-0.469004
0.540811
-1.53118
-1.52869
-0.31502
1.03449
-0.477352
-1.32889
1.06824
-0.928529
0.313357
-1.4772
0.807103
0.294089
-1.84872
-0.822279
-1.09639
0.942386
-1.56967
-0.817199
1.43528
-1.94277
-1.87008
-1.79358
0.189132
-1.13183
0.118364
0.604989
-0.0937621
-0.77943
0.261531
1.47353
1.26972
-0.543942
-1.93222
0.470956
1.87621
1.81945
-1.93737
-1.4942
-1.17461
1.55988
0.832718
1.68428
0.179966
0.341737
1.58311
0.14717
-1.00898
1.4616
-1.1398
-1.52739
-1.75283
0.844459
0.394565
1.94838
-0.266411
-0.788947
1.41767
-1.59963
-1.71121
0.64565
-0.97753
-1.85336
-1.11051
0.692428
-0.757046
1.36533
1.76944
-0.535367
-1.84082
-1.09964
-1.46786
-1.55272
-1.0607
-1.67344
1.05131
1.06612
1.35682
-1.52034
-1.30277
-0.318383
0.973738
1.54639
0.258789
-1.69802
-1.70799
1.42436
-1.32044
0.161659
0.787732
0.995061
-0.232463
1.2907
0.381352
-0.977648
-1.8025
-1.61367
-1.26887
1.11947
1.27993
1.87662
-1.60513
0.730567
0.755576
-1.9594
1.33904
0.626088
0.159542
1.69603
-1.85778
-1.59284
-1.55653
-0.511308
1.63475
1.39283
-1.32008
1.46121
-1.08694
-1.79452
1.58946
0.526275
-1.80806
0.593517
0.55563
-1.39895
1.49466
-1.40868
-1.0184
-1.92976
1.27341
-0.930536
-1.94706
1.32672
-1.46907
-1.30766
-1.17275
0.0662851
-1.21421
-0.957056
1.25052
-1.86809
0.545045
0.101986
-0.142402
1.52199
-1.5392
-0.221486
-1.46188
-1.47043
-1.15639
1.73196
1.01772
1.52135
1.06414
1.24332
-0.960952
1.60053
-0.38259
-0.871037
-1.87459
-1.11873
0.480889
-0.884051
-1.39547
-1.03478
-1.69398
-1.38357
-0.033352
-0.917493
1.07733
0.194779
-0.132431
-1.49537
-1.32117
-1.76311
-0.282249
-1.75325
-1.78243
-1.82304
0.321311
-0.535767
-0.619739
0.458847
-1.32435
-0.118746
0.682581
-1.87893
0.636333
-0.359425
1.35549
-1.35068
-1.72788
1.04957
0.539672
-1.63918
-1.21392
-1.56294
0.322475
-1.04996
-0.713071
0.41627
-0.928813
-1.75172
1.41216
-1.44444
0.117493
-0.816586
0.556547
-0.550506
-0.892094
0.0668897
0.572401
0.947791
0.732747
0.339809
0.985049
-0.744407
-0.787543
-0.736777
0.321235
-0.87747
-1.66196
0.131293
1.95428
0.632288
-1.70877
-0.901317
-1.39184
-1.34432
-1.91333
0.346431
1.51675
1.76342
-1.42767
-0.18288
-1.08246
-1.80626
1.73073
-1.95398
1.07333
-1.62895
-1.8687
-0.558521
0.016191
-0.936662
1.73302
0.584478
-0.791001
-1.76303
-1.35016
1.16507
-1.23301
1.9435
-0.848484
-0.663416
1.37512
1.42216
-1.95864
-0.991576
-0.91343
-1.12049
0.0445528
0.0929677
-1.97023
-0.441886
-0.835057
-1.79146
-1.72942
0.992835
0.927889
-1.83098
1.10796
0.831143
-1.85858
1.87293
-1.23348
-1.39567
0.930106
-1.93949
-1.77469
0.107314
0.491835
-0.728937
-1.23952
0.186368
0.364179
-1.48702
0.570008
-0.901298
-1.69664
-0.194163
-1.48547
1.43602
0.56888
-0.885398
-1.37344
-1.55958
-1.78649
-0.556773
-0.203141
0.0440901
0.836091
1.00135
0.0313395
0.00611863
-0.750287
-1.89809
-1.27155
-0.0573388
-1.7962
-1.35659
1.57621
-0.949467
-1.57009
-0.0221238
0.399748
-0.0743287
-1.37081
-1.63153
0.319239
-1.98213
0.439203
-1.0079
1.45955
-1.78831
0.541259
-1.48428
1.24748
0.29426
1.27548
-1.4289
0.209476
-0.420084
-1.33621
-0.697278
-0.739884
-0.019747
0.435446
-1.94002
-1.9645
0.530114
-0.127
1.55361
0.778832
1.37521
0.794083
1.10343
0.781563
-1.9157
1.48621
-1.48444
-0.772187
-1.71079
-1.95587
-1.86621
0.33546
0.290034
0.216131
-1.68421
-0.355207
1.19362
0.186292
-1.8994
0.156421
-1.78311
-1.4848
0.592948
1.05678
-0.567118
1.3497
-1.32423
1.08069
-0.0854126
0.62284
-1.66249
-1.93401
-1.53024
-1.48364
-1.47137
-0.225454
0.84121
-1.62348
-1.48955
1.60872
0.409656
-1.8535
-1.91843
-0.587338
-0.771543
-1.73717
-0.492112
-1.0581
-0.499433
-1.68618
0.273273
1.15682
-1.40998
1.86598
-0.755417
0.873323
-1.61256
-1.50524
-1.93251
-1.16333
-0.0925364
1.96602
0.994686
-0.0538748
-1.85936
-1.2058
-0.65397
-0.981481
-1.84335
-0.277178
1.81381
1.34799
1.30644
-0.899527
1.3406
1.50448
-1.24487
1.56177
1.60774
0.950517
1.05294
0.269618
-1.40013
-0.492864
0.497468
-1.15486
0.95302
0.426421
-0.674452
0.995362
1.51726
1.1186
0.165391
-0.660608
1.46889
1.49986
0.704895
0.616914
-1.36093
1.00891
1.20079
0.479927
1.44801
-0.364526
-1.65443
-0.186922
-1.80501
0.75279
-1.82152
-1.11414
1.41068
1.08058
1.72939
-1.8156
-1.13607
-1.21216
-1.49705
0.373166
0.37993
-1.16954
-1.56204
-1.62335
0.239805
-1.26226
0.0561495
0.163918
1.10279
-1.25442
-1.28952
-1.98323
-1.17009
-1.60134
-1.46107
-0.303899
-1.00895
0.617944
-1.39381
1.04973
-0.9485
-1.73014
-0.86874
0.133489
-0.352738
-0.559055
0.922677
0.052173
-0.298055
-1.32277
1.13602
-0.186012
0.6573
1.83207
-0.707275
0.433799
1.74787
-1.35398
0.79507
1.01552
-0.108615
0.846415
-0.668671
1.41399
1.84623
-1.56357
1.21082
0.542156
1.83355
-1.44209
0.633488
0.0546377
-1.94883
1.56693
0.958995
-1.79283
1.16255
-1.60784
1.22156
-0.688619
1.1645
1.47744
-1.90997
-1.12047
-1.71853
0.649116
-1.8087
1.07302
-1.6131
0.343784
-0.782646
-0.694642
0.797162
1.00313
1.77162
0.769426
-1.43849
-0.760308
0.0371692
1.73831
1.82327
-1.09973
-1.97063
1.44714
0.110964
1.50907
-1.95946
-1.76924
-1.9861
1.10908
0.48416
1.09283
-1.90631
0.758209
1.54338
-1.76171
-0.703294
-1.2771
-1.31583
-1.55859
1.96896
1.62895
-1.03829
-1.69137
-0.0523232
-0.297271
-1.18504
1.78087
-1.96215
0.813877
1.89518
1.75877
-0.775261
-1.27423
-1.37561
-1.531
-1.84624
-1.73508
-1.92049
-1.29468
-1.9695
0.672338
-1.80854
0.637801
0.454739
0.294949
0.296564
-1.65267
-1.74643
-1.68922
-1.37322
-1.63156
1.47886
1.05743
-0.775185
-0.176211
-1.91612
-0.0317714
-0.696502
0.0872662
1.49247
-0.951098
0.705131
-1.85911
-0.398904
1.16986
1.54291
-1.69906
0.498041
-1.81727
1.50844
-0.00240051
0.933801
0.0175339
-1.3725
0.466186
-0.391597
1.92638
-1.66918
1.36051
1.59258
-0.262951
-1.46788
-0.694796
-1.22585
-0.737555
-1.21153
-1.08724
1.05043
-0.782018
-1.21499
-1.59153
-1.85379
-1.60165
-0.942346
-0.431229
-1.27416
-0.685652
1.66223
1.2249
-0.186689
-1.86297
-0.7375
-1.05921
-0.862683
1.20542
-0.949886
-0.0110532
1.83781
-1.92955
-1.74522
-1.89412
-0.644607
-1.4711
-0.162424
-1.835
-0.124844
-0.335148
-1.55526
0.600485
0.736987
-1.49409
1.7444
-0.701003
1.61777
0.411647
-1.82715
1.15025
0.500245
0.333206
1.54339
0.837199
-1.79377
0.482998
-1.4969
-1.738
-0.830369
0.683116
-1.58477
-1.87798
0.122648
-1.42073
0.0590753
-1.66331
-1.6668
-1.50463
1.5435
1.57704
1.36379
1.19085
0.0262203
1.79538
0.565251
-1.33492
0.589762
-1.2279
-1.8669
-1.46214
-0.727995
-0.139309
-1.60348
-0.315152
-0.757609
-1.88285
-1.57308
0.90222
-1.68754
-1.94133
0.488336
-0.771926
-0.515225
1.51694
-1.65167
-0.0194254
-1.70475
-0.250531
-1.56382
-1.83824
0.116461
0.516332
1.52663
-1.92722
1.53104
-1.99027
-1.32851
0.964186
0.185547
0.436786
0.716571
1.06132
-1.61913
-1.02022
-1.61213
-1.77181
1.28125
-1.97815
0.658279
1.55209
-0.583611
-1.0245
1.54111
-1.39413
0.244111
-1.34737
1.21123
1.31302
-1.51544
-0.0951107
-1.3687
0.694201
-0.282544
1.42228
1.53489
-0.794897
-0.521766
0.8947
1.17503
0.0453268
-1.26266
-1.1102
-1.81162
0.287222
1.13434
-1.11961
0.652557
0.469663
-1.23811
-0.02145
1.62366
-0.516196
-0.571928
-0.647245
1.36019
0.511583
-1.79026
-0.48431
-1.84264
1.22669
-1.54061
-0.635751
1.86168
1.02101
-1.71087
-1.71336
1.28676
1.21286
0.897856
-1.91031
-0.924042
-1.22473
1.29287
-0.525458
0.921039
-0.0373616
-1.48976
1.7275
-0.462772
1.42139
0.867968
-1.63145
-1.89851
1.42838
0.623329
-0.509645
-0.225696
-1.27055
-0.740074
-1.60187
0.0640275
0.450477
1.78915
-1.41422
-1.32863
-0.667446
-1.31454
-1.43462
-0.95374
-1.64276
0.319484
-0.983605
1.44416
-0.93402
0.243719
-1.68794
0.774569
-1.4309
-1.56201
-1.56831
-1.59229
-0.584681
-0.656187
0.38467
-0.878835
1.93125
-1.10609
0.384529
-1.04861
1.13465
1.12879
1.22345
-0.168595
-1.82231
1.19369
0.587801
1.94681
0.797918
1.05644
-1.3135
-0.0791108
-1.32922
-1.64135
-1.67555
-0.472953
1.69196
-1.35818
-1.66989
-1.30607
-0.483951
-1.44019
-1.26494
-1.45778
1.33768
1.24241
1.24002
-1.46692
1.50651
1.41397
-0.891992
-1.8996
-1.61787
-1.87797
0.949928
-1.34944
1.4035
1.73915
-0.824538
-0.521082
-1.3314
-0.414121
0.303745
-1.69172
-1.90202
1.8344
1.69916
-1.59108
1.37891
0.711534
1.86557
1.34772
-1.42939
1.028
0.360613
-1.95917
0.1387
-0.703697
-1.61674
0.209935
1.34035
-1.87764
-1.48198
-1.26608
-0.0641056
1.35642
-1.9296
1.54916
1.0586
-0.863348
-0.81094
0.873022
1.51409
-0.785169
-1.3449
-1.67009
-1.18175
0.548956
1.861
-1.52155
1.93865
-0.49628
-1.85972
0.786528
-0.0113922
1.26166
-1.82475
-0.676531
-1.88991
-0.108915
1.7513
1.80488
-0.167218
0.678812
-1.77119
-0.379841
1.83375
-1.26432
1.22187
-1.88747
-0.333483
-1.11643
-1.36437
-0.0997221
-0.427274
-1.36228
0.592476
0.458833
-1.75065
1.11553
1.87449
-1.97365
0.872146
-1.81624
-1.41095
0.276323
-1.04645
-0.1161
0.441986
0.760324
-1.59592
0.428354
-0.232234
0.311193
-0.861639
1.59114
0.173162
-0.434047
-0.862559
-1.48352
1.51663
1.01362
-0.405986
-0.913977
-1.64385
1.44173
-0.652022
-0.967214
1.02263
-0.620101
-1.99879
-1.32862
-1.04604
-1.73879
-0.735751
-1.86759
-0.358462
-1.85768
0.36504
-0.0776669
0.856547
0.0959613
-0.949638
-1.52105
0.157409
-1.06343
-1.89304
-0.788783
-1.60916
-1.11127
-0.318863
-1.01098
1.02598
-1.62068
0.603085
-1.88979
-1.71878
1.10747
-0.185678
-1.91411
-1.67566
-1.05281
1.11386
1.05406
-0.0284412
-1.72491
-1.2166
-1.53032
-0.457924
-1.48992
0.386898
1.22316
-1.11551
0.846203
0.750271
1.23762
1.4488
1.19385
-1.83798
-1.02972
-1.62957
-0.940818
1.77145
-0.668828
-1.7693
0.185742
0.988753
0.567752
-0.355119
-1.1823
0.499164
0.599123
-1.12382
0.540021
-0.620883
-1.27451
0.549578
0.380233
-1.69579
1.39846
-0.0925856
-0.91189
0.687016
-1.82862
1.60097
-0.879318
-0.147924
0.658706
-1.95935
-1.51007
-0.379484
-1.99448
-1.22891
0.374872
0.289605
-0.794745
0.0327231
1.89436
-0.572589
-1.33535
0.0775329
1.86855
0.365301
0.764994
-1.02646
-1.03115
-1.91927
-0.818824
1.76227
0.95715
1.12114
0.947495
-1.80037
-0.24365
-0.306761
-1.51747
-1.80651
1.40107
-0.619513
0.331895
-1.12569
-1.34399
1.85072
-1.44174
0.706475
-0.512285
-1.35447
-1.28105
-0.779122
0.791817
0.203853
-1.79537
-0.510365
-0.843132
0.677026
-1.93196
1.0573
1.89021
-1.85256
-0.513672
0.486096
-0.770243
-0.142272
-0.615277
-1.0477
-1.08289
-0.5109
-1.48456
-1.20744
-1.98275
0.61124
-1.71019
-1.97502
0.0477148
-1.11162
-1.44787
-1.25943
-0.912485
-1.21701
-1.31956
-0.578094
1.68498
-0.663742
-0.402977
1.59369
0.374401
0.8699
0.742401
-1.95124
1.6531
1.0385
1.01515
-0.796044
0.976651
-0.356961
-0.475774
-1.57624
0.370772
0.630319
-1.95861
-1.70029
-1.82624
-0.249978
-0.4198
1.47682
-1.21396
0.51553
-1.61572
-0.827713
1.8366
0.566364
-1.78304
1.11919
1.64691
0.541557
1.45397
-0.0951449
0.660255
-1.80362
-1.49415
-1.56799
0.346941
0.324034
-1.95881
0.284271
-1.14677
-1.16681
0.983816
-0.849605
-0.465257
-1.71023
1.41606
-1.86469
0.861891
-1.72224
-1.90357
-0.474818
0.286277
1.29346
-0.849752
-0.148168
0.685068
-1.46504
0.643787
0.601861
0.552806
-1.97013
1.75583
-1.86105
-1.03506
1.5085
1.12726
-0.106188
-0.464653
-1.87607
-0.202895
-0.281079
-1.95174
-1.4324
1.48334
-1.25176
1.12009
-1.75175
-1.72518
-0.168222
0.69897
-0.398411
-1.37114
-0.883739
-0.517948
-1.87568
1.00119
-0.42253
0.054353
1.235
1.30257
-0.349722
1.65024
-1.60819
-1.06691
-0.361362
1.7698
1.72962
1.26176
-1.81706
0.670639
-0.902888
0.748997
-0.836826
-1.61113
-0.566947
0.43336
0.885104
-0.121488
-0.0599058
1.9758
-0.757206
1.29862
-0.736996
1.49019
-1.96634
-1.89955
-0.749248
-1.68922
0.109102
0.974955
0.356994
1.47282
-1.71548
-0.523514
-1.06616
-0.145938
0.177389
1.78734
-1.49456
-1.02585
1.72374
-0.957117
-0.672232
-0.0538931
1.48104
0.305049
-1.92843
0.613726
-1.72983
1.59544
1.01125
1.41635
1.5874
-1.89605
-0.380937
0.246304
0.260722
-1.87706
-0.21763
-0.958107
0.151316
-1.45548
-0.0455116
0.461217
-0.00820298
-0.487029
0.456966
0.667763
-1.18684
-1.87226
-1.28352
0.406031
0.535105
-0.917799
-0.244949
0.287686
-0.692231
0.966617
1.2346
1.3229
-1.6814
-1.27389
-1.58524
-1.63449
-1.32237
1.32531
-1.98222
0.627208
-0.468256
-1.90104
0.567457
-1.28741
0.670876
1.84012
1.55174
-1.95004
-1.55042
-1.17748
-0.264423
-1.74133
-0.479732
0.859834
-0.0503441
1.67534
-1.78878
-1.8149
-1.54595
-1.6102
0.323681
1.67489
-1.8586
-1.6319
-1.79735
0.321604
1.49317
-1.60636
0.105489
-1.70432
-0.0610567
-0.896576
-1.54249
-1.96299
-1.01357
-0.462925
-1.00705
1.08683
-1.65874
-0.357954
-1.08692
-0.506055
0.0477681
-0.198285
1.88066
-1.44547
-1.21479
-0.217437
0.543029
-1.57317
0.919366
-1.52956
1.97232
0.458008
-1.70135
-1.6477
-1.88789
1.75139
1.27331
-0.246975
-0.466712
0.954208
0.431371
0.896388
-1.59102
0.823551
0.402092
0.349064
-1.64797
-1.77777
-1.72135
-0.626262
-0.692034
1.03018
-0.594286
0.0418581
-1.59854
-1.74262
1.86258
-0.193779
-1.45801
-0.143929
-1.99753
0.730224
-1.9372
-1.31417
0.451865
-0.170171
0.0404189
-1.14569
1.12402
0.960592
-1.15924
-0.0797705
1.90571
0.963334
0.79599
0.769599
1.31912
0.449433
-1.41551
0.0763849
0.443226
-1.48925
-1.67511
-1.14777
-1.66109
-0.360315
-0.429828
-1.94974
-1.34539
1.66028
1.35109
-1.08815
-1.10784
0.137297
1.26881
-1.89459
-1.05052
0.964043
0.868982
0.37845
-0.0603731
-1.64673
0.0796031
1.17029
-0.108045
-0.263558
-1.9288
-1.16538
0.983386
-1.17866
-0.438508
-0.0447743
1.4443
-1.4661
-1.72116
0.011437
-1.16545
0.694402
-0.578641
-1.7746
0.0769638
0.670581
-1.38276
-1.6139
-1.42021
-1.79436
0.972693
0.408774
0.28433
0.896241
-1.40847
-1.95058
-0.917319
0.172166
-1.65723
0.458843
0.270508
-1.94691
-1.54449
0.482642
-0.172109
-1.71049
-1.38672
-1.61032
1.00474
0.259553
-1.87523
1.49154
0.752603
-1.99176
-0.709843
0.0647024
-1.46018
-1.02075
-0.100077
0.763036
-0.852156
-1.33783
-1.00217
0.275847
1.55893
-1.58934
-1.68847
0.925432
-0.70788
-1.33596
-1.83884
-1.27579
1.58715
-0.568967
-1.80688
-1.23022
-1.43394
-0.995924
0.990036
1.05466
1.42772
-1.80186
-1.75573
1.29643
0.403713
-1.71822
1.70473
-0.986519
0.54503
-1.5137
0.811184
-1.67793
-0.646478
-1.17377
-1.36798
1.91748
-1.94901
1.48096
0.388215
-1.77961
-0.912745
0.737495
1.28631
-0.291048
-0.114361
-1.03738
0.0295743
1.0401
-1.47569
0.809334
-0.554179
0.448879
-1.92775
0.164555
-0.329049
0.451998
0.623197
0.763422
-1.72226
-0.165336
-1.57899
1.47571
0.770617
-0.648034
-0.315375
-1.9941
0.659057
-0.627836
-0.976744
0.625205
0.401662
1.4579
0.199843
1.53592
0.881034
0.695649
1.53178
-1.35727
0.304524
1.17161
-1.75696
1.71777
-0.874438
-0.248019
0.656411
0.9729
-1.03307
1.41532
0.475832
-1.87242
0.117013
-1.57816
0.254661
0.737678
-1.76253
-1.12586
-0.139482
0.223426
-1.52186
-1.15757
-0.465573
-0.201537
-1.43264
0.0567572
0.420342
-0.679816
1.12194
1.23784
-1.32739
0.969435
1.35786
0.32773
1.64873
0.609871
-1.73528
-0.812355
-0.293245
-1.568
-1.52177
-1.34864
-1.65291
-0.386396
-1.95721
-0.61483
-1.98144
-1.62199
0.0863536
-1.02921
1.51061
0.700252
0.854852
-0.579908
0.0767168
-0.645828
-0.0434953
-1.29469
0.802784
-1.70441
-1.6823
0.954923
-0.816466
-1.91999
-0.982682
-0.106961
-1.58761
-0.522268
0.992934
-0.509888
-0.207715
-1.44908
1.3732
-0.419243
0.164218
-0.796463
1.29879
1.50757
-0.0604002
1.85655
1.29391
-1.37413
-0.973272
0.99477
1.24093
1.46848
-0.902355
-1.96038
0.0824198
-0.845457
-0.67832
-1.41627
-1.83981
1.57299
-1.02766
1.9238
-0.0834787
-1.79994
1.94011
-1.67347
1.65032
1.24588
-1.92186
1.61535
-1.43819
-0.625412
-1.52046
-0.383043
1.93356
-1.88642
-1.62025
-1.94219
0.975695
1.57286
-0.707589
1.84106
-1.29962
-1.9057
0.0519685
-1.8447
0.338213
-0.535932
0.0921854
-1.69402
-1.55748
-0.166273
0.667667
-0.488493
0.268003
-0.683557
1.48386
-1.8658
-1.8587
1.4183
-1.0022
-0.779208
1.23252
1.61527
-0.0232154
0.434367
-1.60655
0.583471
0.875833
-0.134845
-1.79306
-1.88318
-1.61086
1.0928
1.82508
-1.7202
-0.538986
-1.88891
1.08622
-0.723785
1.13435
0.179687
1.86909
-1.52149
-1.14256
-0.644933
0.628205
1.73259
1.35964
-1.65662
-0.696292
-1.80634
-1.63995
-1.69653
-0.013764
1.82321
0.411846
-0.845076
-1.91978
-1.41128
1.37425
-0.434771
-0.439942
1.17892
1.23041
0.279327
-1.9388
1.53495
-1.56999
-1.20622
-1.92346
0.824048
0.00861725
0.242902
0.406836
1.38334
1.1662
1.48442
1.93247
-1.42475
-0.0822406
-0.541447
1.03632
0.371938
-1.5894
0.875776
1.17387
0.605602
-1.25616
-1.44497
-1.14814
-1.48825
-1.28765
0.385618
-1.00752
-1.28295
-0.801394
-1.98067
-1.85037
-0.0332031
-0.530972
1.51932
-0.667316
0.305327
-1.46509
0.114198
-1.91915
-0.399047
1.232
-0.510771
-1.88839
-1.43458
-0.786846
0.0738558
1.16581
-0.664933
0.968142
-1.92277
1.49505
-1.77634
-0.975708
-1.03599
1.07671
0.983421
0.858854
-1.37457
-0.0317377
-0.142787
-1.94521
-1.87706
0.0215918
-1.3688
-1.32641
0.157163
-0.858456
0.257716
0.188682
-0.489897
-0.71574
-1.01911
-1.44197
0.312221
-0.947429
-0.617535
0.36974
-1.11286
-1.38409
1.77465
-1.50767
-1.50518
0.696073
-1.38259
0.503794
0.110672
-0.703528
-0.257904
-0.31409
-0.195362
-0.731592
-1.07695
0.0591594
-0.320923
-1.38747
0.139066
-1.56488
-0.563012
-1.77609
1.28419
1.54563
-1.31213
-0.545758
0.722199
0.0475442
0.393413
-0.421302
1.55677
-1.9996
0.026409
1.32154
0.805764
-1.3617
-1.02691
0.878952
0.231616
1.20085
1.02342
-0.659765
0.353791
-1.79936
1.5848
0.99925
-1.43884
-1.86995
1.5598
-0.298707
0.0388106
-0.737514
1.18455
0.881742
-1.34596
0.817276
-1.23655
-1.48034
-1.98086
-1.9723
-0.616836
1.25814
1.2959
-1.13159
-1.2826
-1.91958
-0.0936507
1.34195
-1.7029
-0.179894
-0.763215
0.833178
0.200769
0.505561
-1.90754
-1.1196
1.10108
1.12517
0.615655
-0.418618
1.60901
-0.369527
-0.848959
-0.424033
-1.24287
-1.06367
-0.585815
-1.81021
-1.58834
-1.49292
-1.91411
1.19788
1.98146
0.294009
1.18627
-1.89249
0.951721
-1.55347
0.023656
-1.55172
-1.41137
-1.0075
-1.61961
-1.25689
0.682512
1.01841
-0.984187
-1.92617
0.436308
-0.340758
-0.786361
0.064444
0.578495
-1.30929
0.948688
-1.14138
0.0143857
-0.381648
0.766389
-1.85158
-1.93869
-1.32195
0.138334
-1.77438
0.767518
0.950416
-1.63936
-0.784954
-0.302019
0.591419
-1.84228
-0.0560585
-0.15633
0.426496
0.509757
-0.347723
-1.8623
-1.46646
-1.9407
1.00448
1.09553
1.75505
-1.73632
1.4862
0.628165
-0.564643
-1.60964
1.06614
-1.62213
1.47678
1.77836
-1.39679
-1.81583
-1.44863
-1.48359
-1.7248
-0.0705061
-1.80894
-1.97791
0.658806
1.82071
1.8731
-1.83145
0.804016
0.297834
-1.88924
0.950809
0.279396
-1.49816
1.55003
0.387482
-1.80514
-1.97993
0.598337
-1.35456
1.35549
0.273615
0.366663
-0.151331
-0.103831
-1.64799
-1.11959
1.37655
-1.03168
-1.48805
-1.1413
-1.87778
0.189803
0.676301
1.8742
-1.1299
-1.15889
-1.01715
-0.6295
-1.95417
-1.64011
0.875606
1.19157
-1.12388
0.316272
-1.83097
-0.860948
0.150871
0.922843
-0.488126
0.465375
-0.709261
-0.781357
-1.26184
-1.99679
-1.91316
-0.106312
0.761642
-1.75563
0.692726
-1.82101
1.27354
0.293002
0.629302
-1.74296
-1.06908
-0.0192665
0.594553
-1.4848
1.28203
-1.62043
0.323422
-0.56786
-1.15458
-0.502952
-0.0529597
0.346101
-0.499241
1.41506
-1.57364
1.27181
-1.57524
-0.663771
-1.80202
-0.37938
-1.03316
-1.42088
0.975455
1.14695
-1.35299
-1.75756
-1.60296
0.25203
-1.6356
-1.51485
-1.67834
-0.747574
-1.54743
0.36493
-1.07019
-1.73087
1.5551
-0.383256
-0.867004
0.743903
0.317363
-1.8756
0.738696
-1.73762
1.51992
-1.41588
0.885284
1.72181
1.28466
0.307651
0.349661
-1.48835
1.04566
0.280602
-1.7039
-1.38481
-1.949
-1.709
-1.2866
0.895908
1.08282
-1.32997
-0.259632
-0.269941
-1.05662
1.48443
-1.91426
0.20382
-1.97756
-1.07949
0.809152
-0.325034
1.18335
-1.80637
1.23198
0.698246
-0.226878
-1.82946
-1.56798
0.629507
-1.13677
1.15715
1.20081
-0.174878
0.49377
-1.35746
-1.69208
-1.94265
0.18682
-1.77247
-0.779394
-1.16432
-0.349039
-1.691
-0.909461
1.59368
-1.36868
-0.842588
1.7744
-0.180288
0.235916
-1.27278
0.700316
-1.25131
0.459395
-1.92559
1.87411
-1.67594
1.40077
1.86729
-1.94247
-1.8001
-1.6196
-1.76015
0.337616
0.542093
0.218988
-1.77884
1.17578
-0.149749
-1.46272
-0.990732
-0.578384
-1.48419
-1.78402
-1.06318
1.3727
-1.64864
0.407932
-1.65885
0.925644
-1.73129
0.795644
1.67682
-1.23815
-0.40508
-0.203417
-0.163648
1.1372
-0.330403
0.275217
-1.80271
-1.52062
-0.618817
-1.94803
0.169251
1.77663
-1.8851
0.809302
1.54383
1.11369
-0.547014
-0.961841
0.453339
-0.207285
-0.449522
-0.2275
-1.1385
0.760849
1.11832
-1.42851
-0.301007
-0.857656
-0.37528
-1.63588
1.73092
-1.77192
-0.815634
-0.85857
0.343698
1.48913
0.708942
-1.39389
-1.52512
-1.95936
1.34087
0.336084
0.271725
-1.32621
-0.418511
0.342279
-1.44969
0.112824
0.828531
-0.549264
-1.65112
1.09039
0.616996
0.925293
1.2378
-1.00435
-1.84168
-0.198934
1.0758
1.96505
0.246046
-0.180153
-0.591738
1.78269
1.22447
0.569731
1.0243
-1.99587
-1.82464
0.237966
0.728529
0.834398
-0.841695
0.745833
0.888492
-0.539286
-1.04472
-0.874675
-0.374938
0.946789
-0.270618
-1.96394
-1.5752
-1.7047
-1.50874
0.111868
-1.51412
1.45863
0.0458562
-1.92939
-0.405307
-0.762225
-1.88622
-0.576755
-1.64395
1.75226
0.448328
-1.4909
0.93442
-1.75306
-0.271998
0.850409
1.65045
0.536217
-1.1765
0.60323
-1.64693
0.692065
-1.43379
1.43709
1.22177
-0.824666
-1.19193
-1.55551
1.73946
-0.603117
-1.99608
-1.74211
1.33718
0.340558
1.31087
-1.08171
0.28357
-1.16411
-1.39833
1.57784
-1.99788
0.0244951
1.06364
-1.76062
1.41228
-1.51726
-0.824253
-0.969375
-0.120374
-1.8182
-1.61114
-1.3445
0.229248
-0.973396
1.19076
-1.54672
0.773535
1.25595
-1.98359
-1.8316
-1.95327
-0.521431
-1.00262
-1.27473
-1.04988
1.19005
-1.15627
-0.771767
-1.76743
-0.219497
0.300858
-1.28918
-1.11559
0.350617
0.213335
-1.98392
-1.14423
-1.2902
-0.272512
0.884222
1.27897
-0.904136
0.569616
-1.74024
-1.51208
-0.270871
1.48973
0.735364
-0.896978
-0.00122852
-1.4549
1.0374
-1.36952
0.574651
-1.61739
-0.295685
0.185726
0.201416
-1.65483
0.466181
-1.24863
0.616723
-1.58087
-0.299852
1.52975
-1.23091
1.23903
-1.33541
-1.36071
-1.75476
1.57916
-1.823
1.87633
-1.21935
0.417674
1.73908
0.402595
-1.52995
1.66089
-1.88971
0.909929
1.43142
-1.30207
1.18584
0.291682
-0.138548
1.37212
1.31953
0.534242
-0.44506
-1.33903
-1.17188
0.419807
1.10261
0.147097
1.04077
0.382325
-1.63397
0.0288056
0.47281
-1.88224
0.964137
-1.33575
-1.26327
-1.11069
0.175165
1.54334
1.51537
0.872277
-1.59235
-1.00046
-0.323802
0.955131
-0.885536
-1.40612
-1.48527
0.355717
0.120453
0.855512
-1.51944
1.67182
-1.94073
-1.01586
1.76805
0.153118
0.564033
-1.665
-0.983673
-0.364989
1.21233
-1.19623
0.525188
0.0985726
0.0245986
0.557847
-0.625478
1.04567
-0.186115
0.02564
-1.71632
0.426793
-1.21057
0.944214
-1.25308
1.45047
0.221022
-1.01794
0.689955
1.14592
1.1548
1.85801
-1.79217
1.34362
-0.051039
1.47866
0.0121174
-0.886754
-1.16311
-0.511587
1.111
1.09368
-1.26705
1.02993
0.836557
-1.79579
-1.42678
-1.7955
1.62976
-1.82627
0.915472
0.172863
-1.43756
0.686485
0.153348
-1.8987
1.43435
0.248742
-1.55741
-1.29971
0.079344
0.832338
1.27306
-1.16748
1.66079
1.51211
-1.21194
1.74543
1.45196
-1.78325
-0.874523
0.693734
1.2257
-1.48745
-1.32982
-1.98396
-1.63369
-0.95344
-1.40623
1.62862
-0.121387
1.87748
-0.31133
-1.52242
-1.53397
1.49942
-0.781692
-1.71138
-1.38798
-1.99979
1.66252
0.95644
-1.67388
-1.12656
-0.663993
1.26026
-1.33354
0.720241
1.29959
-0.0743423
-1.98368
-1.44426
1.34482
0.445256
-0.299051
-1.63006
0.325374
-0.722845
-0.439748
-1.26435
-1.97562
0.827233
-1.06566
1.7517
-1.53421
-1.48318
-0.827586
-1.56539
-1.85023
1.54428
1.04406
1.94764
-0.853284
0.58808
-1.87663
-1.44061
0.159038
-1.49471
-1.9
-1.14664
-0.0871313
-1.99952
-0.286193
0.951426
-1.88768
1.70844
1.62968
-0.0509535
1.43483
-1.61402
-0.158606
-1.18814
-1.91463
1.58042
-1.42685
-0.661201
-1.58335
-0.975502
0.462613
0.124833
-1.62813
-1.81669
0.356884
-1.4846
-1.1496
-0.998356
-1.57109
-1.93802
0.740614
1.50721
-1.83563
-1.92293
-0.918115
-1.80123
0.625675
1.63952
0.632048
-0.924169
-1.76118
0.402727
1.90596
-0.77588
0.921192
-1.82354
-1.60187
-1.53725
-1.45025
-0.521817
-1.56418
-1.3754
1.93118
0.342192
-1.08361
1.75168
-0.124931
1.41072
-1.86048
-1.53291
-0.666477
-1.69572
0.160186
1.64087
1.27493
0.455694
-1.16848
-0.448072
-0.04968
-0.701885
-1.8578
1.63166
-0.984086
0.961146
1.90834
-1.97708
1.16572
-0.386665
-0.727503
-0.823791
-1.4911
0.0900017
1.77187
0.890588
-1.66948
1.57314
-1.80156
-1.32428
-1.5692
-0.306399
1.26286
0.811744
-1.5641
-1.97123
1.99639
-1.26758
-1.68355
-0.52595
1.1882
1.83134
-1.158
-0.32575
1.52798
-0.514733
-1.89783
0.0671103
1.1699
-1.85783
-1.28447
0.600065
-1.37716
1.53618
0.596993
0.233773
-1.86629
-0.462578
-1.86379
0.953821
-1.64783
-1.96309
-1.29695
-1.36421
0.284444
1.86493
-1.81288
1.17141
0.667567
0.81285
-1.35802
1.69402
1.84693
1.59082
-0.319909
-1.83671
0.845955
1.69359
1.26776
1.48909
-1.7407
-0.260961
-1.04908
-0.0398283
-1.19884
-1.45351
-0.989913
-1.65637
1.45658
1.32712
-1.89529
-0.765232
-1.71958
0.497772
-1.94276
0.624442
-0.882642
-1.55664
0.508839
-1.13199
-1.59387
1.17938
-0.638835
-1.53849
-0.762259
0.20438
-1.47449
-1.95894
-1.76182
1.48498
-1.79006
0.12353
-0.677422
-1.94859
-1.53915
-1.35885
0.848203
-0.655374
-0.442881
-1.68402
0.569372
0.406915
-1.23442
-1.14817
0.681165
-0.570214
-0.747179
-1.46023
0.765456
-1.38405
-1.2152
1.48184
1.67338
-0.265446
0.88625
0.205331
-1.37894
0.570433
-1.85885
-1.43423
-1.26683
-1.67131
-1.81923
-1.90061
0.316721
1.43931
-1.86639
-0.418389
0.0649684
-1.52857
1.61495
-1.96731
-0.486386
-0.399221
0.936976
1.84071
-0.803293
1.02211
-0.0153638
-1.92185
-1.81539
-0.288164
-1.89788
-1.46684
1.33001
1.68776
-0.560873
-1.638
-1.7611
-1.6102
-0.567836
-1.08188
-0.238959
-1.67503
-0.792363
-0.860865
-1.26228
-1.02102
1.59208
-1.21122
-1.29861
0.592264
0.429603
-0.784513
1.86644
-1.46246
-1.68717
0.897613
-1.50666
-1.69262
-0.3695
-1.2063
-1.76246
1.12031
0.288667
1.54007
-1.82608
-1.88586
0.729196
-1.23359
-1.03399
-1.79609
-0.677365
-1.73067
-0.372341
-0.256006
-0.906513
1.31215
0.780492
-1.71283
-1.71635
-0.493643
-0.388332
-1.88348
0.196832
0.204158
1.08074
-1.59335
1.32179
-0.890393
1.80396
0.477362
-0.414922
-0.394166
-1.79481
1.31318
-1.65075
0.899051
-1.43455
0.648157
-1.21725
-1.48801
0.567903
-0.341227
-1.32728
-0.696285
1.98739
0.00420541
1.59028
-1.23766
-0.00948309
1.32284
-1.41866
-1.93856
-1.98295
-0.138257
-1.49664
-1.84953
-1.80191
-0.392406
-1.98306
-1.90952
0.270003
1.016
-0.14638
-1.08669
1.43837
0.981866
0.177314
-0.678548
1.97474
-1.95736
-1.25046
-1.61784
-1.43733
1.36227
0.86948
-0.591654
-0.869285
-1.93102
-1.64996
-1.46457
1.11326
-1.6134
-1.4269
-1.65767
-1.63506
-1.82531
1.34254
-1.85256
1.36794
-1.55774
1.31146
-1.38988
-1.73701
-1.29033
-0.42281
-1.41783
-1.61883
-0.965796
0.169506
1.87595
-1.40438
-1.7154
-1.72896
-1.99789
-0.164911
0.090364
-0.40234
0.181213
0.255854
0.218223
0.123817
1.68324
-1.07443
-0.0330358
-0.0695719
-0.325696
-1.81385
0.690024
-1.86528
-1.11021
-0.227532
0.175066
-0.730979
-0.729171
-1.95354
1.65536
0.782057
-1.89607
-0.986077
0.963213
-0.262293
-1.80648
-1.47122
-1.99332
0.557036
-0.678339
0.563234
0.200714
-1.74973
0.692867
0.486367
0.770416
-0.872925
-1.40049
0.219564
1.27619
1.32214
-1.826
-1.54104
1.33152
0.719973
1.12895
1.33169
0.879582
-0.850458
1.18879
1.09001
-0.467161
0.960779
-0.0454296
1.3841
-1.59709
1.82629
-0.74632
-1.96025
0.727399
-0.787691
0.641209
-1.45957
-1.82256
-0.199179
-1.86673
0.867645
0.782094
-0.327902
-0.490697
-1.3466
1.18214
-0.695025
0.970859
1.57778
0.774796
1.26434
0.207713
0.696611
0.193405
-0.0756264
-1.35581
-1.04412
-0.325598
-1.89338
0.497354
-1.58972
1.36635
-0.49649
-1.82108
0.980831
-1.78017
-1.93965
-0.461153
-1.43456
-1.15208
1.75667
0.772097
1.03918
-1.45059
1.70291
1.51814
-0.722281
1.38988
0.724772
-1.6871
1.69707
-1.72669
-1.44437
-0.210342
-1.01508
-1.51112
0.331988
-1.57578
0.729151
-1.9833
-0.883288
-1.38644
1.63065
1.08523
-0.833948
-0.846709
-0.131876
1.71012
-1.67858
0.642381
-0.840284
-1.85373
-0.587049
-1.78605
1.44303
1.52422
1.22751
-1.70947
0.958718
0.215642
0.0025739
-1.34789
-0.965642
-1.46235
-0.61249
0.0180625
1.27898
-1.95663
-0.779667
-0.51991
-0.258577
-1.39889
-0.521885
-1.93918
0.320583
-1.61555
0.59019
-0.0589539
-1.42603
-0.2889
0.848461
1.19478
-1.43196
1.15259
1.00325
-1.15233
-1.11899
-1.57205
1.06205
-0.641941
1.59231
1.28649
-1.1747
-1.16288
0.992263
0.98363
-1.12425
-1.60215
0.188367
0.801766
-1.44947
-1.30742
-0.918119
0.900755
-1.67686
-0.461818
0.275068
-1.34966
-0.373375
-0.291835
0.587293
0.265671
-1.34168
1.36831
0.520353
-0.223122
-0.493001
0.277465
-0.107052
-1.74684
-1.92332
0.330023
0.488992
0.280155
-1.71786
-0.386175
0.123374
-1.36632
1.04289
0.269771
-0.0933298
-1.30335
0.242356
-1.02455
-1.16883
-0.841062
0.388316
0.676491
0.688865
1.03131
-1.77435
-1.31418
-1.44044
-0.180928
-1.65437
-1.27467
1.54173
0.708939
-1.89958
-0.705185
-0.0656378
-0.358769
0.923699
-1.99404
1.40317
-0.610262
0.218857
-0.290687
1.50908
-0.0742413
-1.93736
-1.88989
1.18351
-1.09915
0.629127
-0.0873741
-0.918623
-1.68164
-0.976251
1.70684
-0.167149
1.95406
0.162862
0.1878
-1.61017
-1.39124
-1.25162
0.488203
0.187104
1.12614
0.598312
1.20788
1.47696
1.0929
0.788577
0.821712
-1.05563
0.672646
-1.66521
1.70451
-0.667036
-0.297538
-1.69899
-0.0302192
-1.39972
0.335709
-0.7244
0.624044
-0.227222
-0.422035
-1.46378
-1.05965
-1.48887
0.214803
-0.604995
0.162208
-0.530696
1.77415
-1.34164
-1.6116
0.786182
0.498841
-1.47383
0.984958
-0.664362
-1.57712
1.31463
1.38106
-0.263176
0.15195
-1.19607
-1.72934
0.575134
1.34825
0.401499
-0.530059
-1.78384
-1.75041
-1.11639
1.2228
-1.5941
-0.78067
-1.65968
-1.70735
-1.76891
0.473351
-1.02847
-1.05698
0.83097
-1.5404
0.217895
0.695047
0.21821
0.926647
-1.08035
1.83093
-1.48715
0.17814
-1.92582
0.32325
-1.31347
-1.86429
0.916472
1.16844
-1.63989
1.17497
1.01958
-0.3517
-1.67769
0.17679
0.0583492
1.3854
-0.707563
1.42168
-0.100633
-1.88578
0.200373
0.0222187
-1.27905
-0.0648871
1.86917
-1.71717
-1.84021
1.23011
-1.5392
0.870761
-0.808919
-0.673979
-0.58991
-0.049236
1.7837
-1.54911
-0.576633
0.503032
-1.80311
0.586639
-0.020066
-0.992087
-0.349796
0.11834
1.15805
1.28491
-0.260354
-0.418855
1.73476
-0.983542
-1.4704
-0.0841075
-1.84139
-1.41455
-1.94686
0.649117
1.18328
-1.9897
0.563872
1.51559
-1.03388
-1.71723
-0.59518
-1.2367
-1.47813
0.892691
-1.08248
0.80133
-1.94366
-0.561503
0.629146
-1.14535
-1.67579
-1.53367
1.12827
-0.225302
1.95471
0.0536351
1.13563
0.799402
-1.63471
1.17924
1.02131
-1.73611
-1.9109
1.43171
-1.55943
-0.851299
-1.24886
-1.34435
1.42746
0.813166
-1.81744
1.79325
-0.341912
-0.806812
-1.68799
-0.879107
-0.952037
-0.695806
0.838716
0.139979
0.458575
0.0481531
0.191465
0.303624
-1.17549
-0.980389
-0.863507
0.235362
-1.25533
1.66328
-0.78256
1.93605
0.763921
-1.25348
0.598362
-1.82568
-1.51203
1.5857
0.17329
-1.11243
-0.894779
0.500462
-1.2731
0.668985
0.804472
-1.61339
-1.32534
-0.749143
-0.138154
-0.708373
-0.541235
-1.51171
-1.94438
-0.605963
-1.50849
-1.74387
0.578549
-0.485859
-1.7873
-1.00801
-1.26537
1.37665
1.3134
-1.56897
-0.29086
-0.611918
-0.926721
-0.664995
-1.11829
0.380511
-1.04321
0.300226
-0.104652
1.87608
0.187743
-0.336339
-0.194194
0.841342
-0.397866
-1.39661
-1.03253
1.47854
1.43306
0.598951
1.63753
0.251791
-0.78054
-0.493306
1.08516
1.16653
0.426283
-1.2183
1.31558
-1.93422
0.709425
-1.65527
0.557373
0.0574945
0.844801
1.15898
-1.90424
0.378296
1.49395
-0.45694
-0.547979
0.301222
-1.27637
-1.86632
1.38794
-1.17929
0.892646
-1.68931
1.74286
-1.87545
0.776161
1.60905
1.49003
-1.28863
-0.343321
-1.01745
-1.77698
1.55429
1.36021
-1.48507
0.658656
-0.841622
0.558967
0.905341
0.98227
1.63674
-1.60537
-0.504659
-1.23057
-1.45568
1.08041
-1.56455
-1.66931
-1.61486
-1.40671
1.494
-0.410998
-1.85824
-1.78515
-1.05799
0.445245
0.179267
1.11221
0.489951
-1.36772
-1.5006
1.65136
1.02639
-1.53082
-0.572702
-1.89562
-1.49775
1.8479
-1.74249
-1.68265
0.694465
-1.42452
1.08292
-1.65487
-1.26066
-1.75954
0.541955
1.55342
-1.00415
0.937695
-0.683733
0.847727
-1.85208
-0.826993
-1.13721
-0.163203
-0.168949
-1.96476
0.635143
-1.25606
-0.410642
-0.687321
0.684307
0.794308
-1.86017
1.63905
-0.353081
-0.351239
1.24907
-1.27027
0.677016
-1.99575
-1.90559
1.88585
-0.947318
-1.11983
-1.05134
-0.456173
0.709835
0.329858
1.13212
-1.12302
-1.42658
0.238827
0.933843
1.23178
1.01211
1.41109
-1.52139
-1.41567
0.446787
-0.259994
-1.92327
0.379016
-0.556585
-1.28763
-1.46153
-0.466691
1.23413
-1.78613
1.45314
1.29124
1.22934
0.00636998
0.139196
-0.404666
-1.19412
0.538066
-1.19683
1.07332
-1.2847
1.5516
1.00732
-1.33357
-1.74749
-1.61073
-1.33211
-0.147032
-1.76432
1.52869
-1.5835
1.80856
0.601072
-0.995392
0.459982
-0.657065
-1.81552
-1.86271
-0.187461
-1.66355
1.36232
1.53439
-0.618963
0.917873
-1.97731
-1.33697
-1.50261
-0.250558
-1.49959
1.19537
-0.612913
1.72864
-1.13772
0.864709
0.139906
-1.97282
0.0685987
-0.21786
-0.168221
-0.882913
-1.55194
1.33846
0.119094
-0.948682
-0.298365
-1.46488
-0.828749
0.68548
-1.06564
-1.82431
-1.16437
0.417185
1.99809
1.21865
1.12469
1.21765
-1.77167
-1.55496
0.472227
1.70531
-0.577823
1.86002
-1.27238
1.48083
1.60441
-0.252882
1.43211
-1.09547
0.399073
0.69296
1.03189
-0.56786
0.840384
-1.49533
0.133161
0.422846
-1.721
-1.26873
-0.964644
0.499185
0.337993
-1.7248
-1.60367
-0.0652108
-1.03649
-0.294886
-0.316259
-1.99454
-1.42621
-1.82792
-1.53157
1.11229
-0.466433
-1.68152
0.590486
-1.02375
-1.55109
-0.738773
-1.67923
0.202483
0.119799
-0.612488
0.522902
-1.4564
1.50212
-1.7881
-1.28396
0.446521
0.27446
-0.593261
0.783083
0.887658
-1.47031
0.588311
-0.952447
-1.86554
-0.596582
-1.3966
-0.818185
-1.49251
1.49887
0.442724
-0.798163
-1.07821
0.596157
-1.36801
-0.370905
0.0348196
0.984377
-1.64776
1.36277
-1.44446
